Wavelength (nm),Pd I (6.4e-02)
244.644,2.762e-7
244.649,3.079e-6
244.654,3.159e-5
244.659,2.981e-4
244.664,2.587e-3
244.669,2.066e-2
244.674,1.518e-1
244.679,1.026e+0
244.684,6.379e+0
244.689,3.649e+1
244.694,1.920e+2
244.699,9.293e+2
244.704,4.138e+3
244.709,1.695e+4
244.714,6.389e+4
244.719,2.215e+5
244.724,7.065e+5
244.729,2.073e+6
244.734,5.595e+6
244.739,1.389e+7
244.744,3.174e+7
244.749,6.669e+7
244.754,1.289e+8
244.759,2.293e+8
244.764,3.751e+8
244.769,5.646e+8
244.774,7.818e+8
244.779,9.958e+8
244.784,1.167e+9
244.789,1.258e+9
244.794,1.247e+9
244.799,1.138e+9
244.804,9.551e+8
244.809,7.374e+8
244.814,5.238e+8
244.819,3.422e+8
244.824,2.057e+8
244.829,1.138e+8
244.834,5.787e+7
244.839,2.708e+7
244.844,1.166e+7
244.849,4.618e+6
244.854,1.683e+6
244.859,5.640e+5
244.864,1.739e+5
244.869,4.933e+4
244.874,1.287e+4
244.879,3.090e+3
244.884,6.825e+2
244.889,1.387e+2
244.894,2.592e+1
244.899,4.456e+0
244.904,7.048e-1
244.909,1.026e-1
244.914,1.373e-2
244.919,1.691e-3
244.924,1.915e-4
244.929,1.996e-5
244.934,1.914e-6
244.939,1.688e-7
247.49,9.939e-8
247.495,1.119e-6
247.5,1.162e-5
247.505,1.112e-4
247.51,9.805e-4
247.515,7.970e-3
247.52,5.971e-2
247.525,4.123e-1
247.53,2.624e+0
247.535,1.539e+1
247.54,8.324e+1
247.545,4.148e+2
247.55,1.905e+3
247.555,8.067e+3
247.56,3.148e+4
247.565,1.132e+5
247.57,3.754e+5
247.575,1.147e+6
247.58,3.230e+6
247.585,8.386e+6
247.59,2.006e+7
247.595,4.425e+7
247.6,8.993e+7
247.605,1.685e+8
247.61,2.909e+8
247.615,4.631e+8
247.62,6.793e+8
247.625,9.185e+8
247.63,1.145e+9
247.635,1.315e+9
247.64,1.392e+9
247.645,1.358e+9
247.65,1.222e+9
247.655,1.013e+9
247.66,7.739e+8
247.665,5.451e+8
247.67,3.538e+8
247.675,2.117e+8
247.68,1.167e+8
247.685,5.934e+7
247.69,2.780e+7
247.695,1.200e+7
247.7,4.778e+6
247.705,1.753e+6
247.71,5.926e+5
247.715,1.847e+5
247.72,5.305e+4
247.725,1.404e+4
247.73,3.427e+3
247.735,7.708e+2
247.74,1.598e+2
247.745,3.053e+1
247.75,5.377e+0
247.755,8.729e-1
247.76,1.306e-1
247.765,1.801e-2
247.77,2.289e-3
247.775,2.682e-4
247.78,2.896e-5
247.785,2.882e-6
247.79,2.644e-7
276.144,8.789e-7
276.149,7.384e-6
276.154,5.811e-5
276.159,4.283e-4
276.164,2.956e-3
276.169,1.911e-2
276.174,1.158e-1
276.179,6.565e-1
276.184,3.488e+0
276.189,1.735e+1
276.194,8.086e+1
276.199,3.529e+2
276.204,1.443e+3
276.209,5.524e+3
276.214,1.981e+4
276.219,6.654e+4
276.224,2.093e+5
276.229,6.168e+5
276.234,1.702e+6
276.239,4.399e+6
276.244,1.065e+7
276.249,2.415e+7
276.254,5.128e+7
276.259,1.020e+8
276.264,1.900e+8
276.269,3.316e+8
276.274,5.419e+8
276.279,8.294e+8
276.284,1.189e+9
276.289,1.597e+9
276.294,2.008e+9
276.299,2.365e+9
276.304,2.609e+9
276.309,2.696e+9
276.315,2.572e+9
276.32,2.301e+9
276.325,1.928e+9
276.33,1.513e+9
276.335,1.112e+9
276.34,7.657e+8
276.345,4.938e+8
276.35,2.982e+8
276.355,1.687e+8
276.36,8.937e+7
276.365,4.434e+7
276.37,2.061e+7
276.375,8.971e+6
276.38,3.658e+6
276.385,1.397e+6
276.39,4.995e+5
276.395,1.673e+5
276.4,5.250e+4
276.405,1.543e+4
276.41,4.246e+3
276.415,1.094e+3
276.42,2.642e+2
276.425,5.975e+1
276.43,1.266e+1
276.435,2.510e+0
276.44,4.664e-1
276.445,8.117e-2
276.45,1.323e-2
276.455,2.019e-3
276.46,2.887e-4
276.465,3.866e-5
276.47,4.849e-6
276.475,5.697e-7
324.075,3.531e-6
324.08,2.203e-5
324.085,1.310e-4
324.09,7.432e-4
324.095,4.020e-3
324.1,2.073e-2
324.105,1.020e-1
324.11,4.783e-1
324.115,2.139e+0
324.12,9.121e+0
324.125,3.709e+1
324.13,1.438e+2
324.135,5.317e+2
324.14,1.875e+3
324.145,6.303e+3
324.15,2.021e+4
324.155,6.177e+4
324.16,1.801e+5
324.165,5.005e+5
324.17,1.327e+6
324.175,3.353e+6
324.18,8.082e+6
324.185,1.857e+7
324.19,4.071e+7
324.195,8.506e+7
324.2,1.695e+8
324.205,3.221e+8
324.21,5.836e+8
324.215,1.008e+9
324.22,1.661e+9
324.225,2.610e+9
324.23,3.910e+9
324.235,5.585e+9
324.24,7.608e+9
324.245,9.882e+9
324.25,1.224e+10
324.255,1.446e+10
324.26,1.628e+10
324.265,1.748e+10
324.27,1.791e+10
324.275,1.748e+10
324.28,1.628e+10
324.285,1.446e+10
324.29,1.224e+10
324.295,9.882e+9
324.3,7.608e+9
324.305,5.585e+9
324.31,3.910e+9
324.315,2.610e+9
324.32,1.661e+9
324.325,1.008e+9
324.33,5.836e+8
324.335,3.221e+8
324.34,1.695e+8
324.345,8.506e+7
324.35,4.071e+7
324.355,1.857e+7
324.36,8.082e+6
324.365,3.353e+6
324.37,1.327e+6
324.375,5.005e+5
324.38,1.801e+5
324.385,6.177e+4
324.39,2.021e+4
324.395,6.303e+3
324.4,1.875e+3
324.405,5.317e+2
324.41,1.438e+2
324.415,3.709e+1
324.42,9.121e+0
324.425,2.139e+0
324.43,4.783e-1
324.435,1.020e-1
324.44,2.073e-2
324.445,4.020e-3
324.45,7.432e-4
324.455,1.310e-4
324.46,2.203e-5
324.465,3.531e-6
340.255,1.582e-5
340.26,8.922e-5
340.265,4.819e-4
340.27,2.493e-3
340.275,1.235e-2
340.28,5.862e-2
340.285,2.665e-1
340.29,1.160e+0
340.295,4.837e+0
340.3,1.932e+1
340.305,7.388e+1
340.31,2.707e+2
340.315,9.497e+2
340.32,3.191e+3
340.325,1.027e+4
340.33,3.167e+4
340.335,9.351e+4
340.34,2.644e+5
340.345,7.163e+5
340.35,1.858e+6
340.355,4.617e+6
340.36,1.099e+7
340.365,2.505e+7
340.37,5.468e+7
340.375,1.143e+8
340.38,2.290e+8
340.385,4.392e+8
340.39,8.069e+8
340.395,1.420e+9
340.4,2.393e+9
340.405,3.863e+9
340.41,5.972e+9
340.415,8.842e+9
340.42,1.254e+10
340.425,1.703e+10
340.43,2.216e+10
340.435,2.762e+10
340.44,3.296e+10
340.445,3.767e+10
340.45,4.125e+10
340.455,4.325e+10
340.46,4.344e+10
340.465,4.178e+10
340.47,3.849e+10
340.475,3.397e+10
340.48,2.871e+10
340.485,2.324e+10
340.49,1.802e+10
340.495,1.338e+10
340.5,9.515e+9
340.505,6.482e+9
340.51,4.229e+9
340.515,2.643e+9
340.52,1.582e+9
340.525,9.066e+8
340.53,4.978e+8
340.535,2.618e+8
340.54,1.318e+8
340.545,6.359e+7
340.55,2.938e+7
340.555,1.300e+7
340.56,5.511e+6
340.565,2.237e+6
340.57,8.697e+5
340.575,3.239e+5
340.58,1.155e+5
340.585,3.946e+4
340.59,1.291e+4
340.595,4.046e+3
340.6,1.214e+3
340.605,3.491e+2
340.61,9.612e+1
340.615,2.535e+1
340.62,6.402e+0
340.625,1.549e+0
340.63,3.588e-1
340.635,7.963e-2
340.64,1.692e-2
340.645,3.445e-3
340.65,6.718e-4
340.655,1.255e-4
340.66,2.244e-5
345.867,2.259e-6
345.872,1.246e-5
345.877,6.590e-5
345.882,3.343e-4
345.887,1.627e-3
345.892,7.592e-3
345.897,3.398e-2
345.902,1.459e-1
345.907,6.007e-1
345.912,2.372e+0
345.917,8.986e+0
345.922,3.264e+1
345.927,1.137e+2
345.932,3.801e+2
345.937,1.218e+3
345.942,3.745e+3
345.947,1.104e+4
345.952,3.122e+4
345.957,8.469e+4
345.962,2.203e+5
345.967,5.496e+5
345.972,1.315e+6
345.977,3.019e+6
345.982,6.645e+6
345.987,1.403e+7
345.992,2.841e+7
345.997,5.517e+7
346.002,1.028e+8
346.007,1.836e+8
346.012,3.146e+8
346.017,5.171e+8
346.022,8.150e+8
346.027,1.232e+9
346.032,1.787e+9
346.037,2.485e+9
346.042,3.314e+9
346.047,4.240e+9
346.052,5.202e+9
346.057,6.122e+9
346.062,6.910e+9
346.067,7.480e+9
346.072,7.766e+9
346.077,7.734e+9
346.082,7.387e+9
346.087,6.767e+9
346.092,5.945e+9
346.097,5.010e+9
346.102,4.049e+9
346.107,3.139e+9
346.112,2.334e+9
346.117,1.664e+9
346.122,1.138e+9
346.127,7.466e+8
346.132,4.697e+8
346.137,2.834e+8
346.142,1.640e+8
346.147,9.105e+7
346.152,4.847e+7
346.157,2.475e+7
346.162,1.212e+7
346.167,5.694e+6
346.172,2.565e+6
346.177,1.108e+6
346.182,4.593e+5
346.187,1.826e+5
346.192,6.960e+4
346.197,2.545e+4
346.202,8.924e+3
346.207,3.002e+3
346.212,9.683e+2
346.217,2.996e+2
346.222,8.891e+1
346.227,2.530e+1
346.232,6.908e+0
346.237,1.809e+0
346.242,4.542e-1
346.247,1.094e-1
346.252,2.527e-2
346.257,5.598e-3
346.262,1.190e-3
346.267,2.424e-4
346.272,4.739e-5
346.277,8.885e-6
346.282,1.598e-6
351.484,3.325e-6
351.489,1.780e-5
351.494,9.150e-5
351.499,4.517e-4
351.504,2.142e-3
351.509,9.753e-3
351.514,4.265e-2
351.519,1.791e-1
351.524,7.225e-1
351.529,2.799e+0
351.534,1.041e+1
351.539,3.720e+1
351.544,1.276e+2
351.549,4.206e+2
351.554,1.331e+3
351.559,4.046e+3
351.564,1.181e+4
351.569,3.311e+4
351.574,8.913e+4
351.579,2.305e+5
351.584,5.723e+5
351.589,1.365e+6
351.594,3.126e+6
351.599,6.876e+6
351.604,1.452e+7
351.609,2.947e+7
351.614,5.741e+7
351.619,1.074e+8
351.624,1.931e+8
351.629,3.332e+8
351.634,5.522e+8
351.639,8.791e+8
351.644,1.344e+9
351.649,1.973e+9
351.654,2.782e+9
351.659,3.767e+9
351.664,4.899e+9
351.669,6.119e+9
351.674,7.340e+9
351.679,8.456e+9
351.684,9.355e+9
351.689,9.940e+9
351.694,1.014e+10
351.699,9.940e+9
351.704,9.355e+9
351.709,8.456e+9
351.714,7.340e+9
351.719,6.119e+9
351.724,4.899e+9
351.729,3.767e+9
351.734,2.782e+9
351.739,1.973e+9
351.744,1.344e+9
351.749,8.791e+8
351.754,5.522e+8
351.759,3.332e+8
351.764,1.931e+8
351.769,1.074e+8
351.774,5.741e+7
351.779,2.947e+7
351.784,1.452e+7
351.789,6.876e+6
351.794,3.126e+6
351.799,1.365e+6
351.804,5.723e+5
351.809,2.305e+5
351.814,8.913e+4
351.819,3.311e+4
351.824,1.181e+4
351.829,4.046e+3
351.834,1.331e+3
351.839,4.206e+2
351.844,1.276e+2
351.849,3.720e+1
351.854,1.041e+1
351.859,2.799e+0
351.864,7.225e-1
351.869,1.791e-1
351.874,4.265e-2
351.879,9.753e-3
351.884,2.142e-3
351.889,4.517e-4
351.894,9.150e-5
351.899,1.780e-5
351.904,3.325e-6
360.737,2.821e-6
360.742,1.475e-5
360.747,7.421e-5
360.752,3.593e-4
360.757,1.674e-3
360.762,7.507e-3
360.767,3.239e-2
360.772,1.345e-1
360.777,5.376e-1
360.782,2.068e+0
360.787,7.652e+0
360.792,2.726e+1
360.797,9.342e+1
360.802,3.082e+2
360.807,9.783e+2
360.812,2.989e+3
360.817,8.786e+3
360.822,2.486e+4
360.827,6.768e+4
360.832,1.773e+5
360.837,4.472e+5
360.842,1.085e+6
360.847,2.534e+6
360.852,5.695e+6
360.857,1.232e+7
360.862,2.563e+7
360.867,5.134e+7
360.872,9.896e+7
360.877,1.836e+8
360.882,3.277e+8
360.887,5.629e+8
360.892,9.307e+8
360.897,1.481e+9
360.902,2.267e+9
360.907,3.340e+9
360.912,4.737e+9
360.917,6.463e+9
360.922,8.488e+9
360.927,1.073e+10
360.932,1.305e+10
360.937,1.527e+10
360.942,1.720e+10
360.947,1.864e+10
360.952,1.944e+10
360.957,1.952e+10
360.962,1.886e+10
360.967,1.753e+10
360.972,1.568e+10
360.977,1.350e+10
360.982,1.119e+10
360.987,8.922e+9
360.992,6.846e+9
360.997,5.056e+9
361.002,3.593e+9
361.007,2.457e+9
361.012,1.617e+9
361.017,1.024e+9
361.022,6.244e+8
361.027,3.663e+8
361.032,2.068e+8
361.037,1.123e+8
361.042,5.872e+7
361.047,2.954e+7
361.052,1.430e+7
361.057,6.665e+6
361.062,2.989e+6
361.067,1.290e+6
361.072,5.355e+5
361.077,2.140e+5
361.082,8.231e+4
361.087,3.046e+4
361.092,1.085e+4
361.097,3.719e+3
361.102,1.227e+3
361.107,3.895e+2
361.112,1.190e+2
361.117,3.498e+1
361.122,9.896e+0
361.127,2.694e+0
361.132,7.060e-1
361.137,1.780e-1
361.142,4.320e-2
361.147,1.009e-2
361.152,2.267e-3
361.157,4.903e-4
361.162,1.020e-4
361.167,2.044e-5
361.172,3.940e-6