Wavelength (nm),Sum,Pb I (4.4e-02),Pb II (9.5e-01)
202.08,7.956e-8,7.956e-8,
202.085,1.479e-6,1.479e-6,
202.09,2.434e-5,2.434e-5,
202.095,3.543e-4,3.543e-4,
202.1,4.565e-3,4.565e-3,
202.105,5.204e-2,5.204e-2,
202.11,5.250e-1,5.250e-1,
202.115,4.686e+0,4.686e+0,
202.12,3.702e+1,3.702e+1,
202.125,2.587e+2,2.587e+2,
202.13,1.600e+3,1.600e+3,
202.135,8.759e+3,8.759e+3,
202.14,4.242e+4,4.242e+4,
202.145,1.818e+5,1.818e+5,
202.15,6.895e+5,6.895e+5,
202.155,2.314e+6,2.314e+6,
202.16,6.871e+6,6.871e+6,
202.165,1.805e+7,1.805e+7,
202.17,4.198e+7,4.198e+7,
202.175,8.638e+7,8.638e+7,
202.18,1.573e+8,1.573e+8,
202.185,2.534e+8,2.534e+8,
202.19,3.612e+8,3.612e+8,
202.195,4.557e+8,4.557e+8,
202.2,5.088e+8,5.088e+8,
202.205,5.026e+8,5.026e+8,
202.21,4.393e+8,4.393e+8,
202.216,3.181e+8,3.181e+8,
202.221,2.125e+8,2.125e+8,
202.226,1.256e+8,1.256e+8,
202.231,6.568e+7,6.568e+7,
202.236,3.040e+7,3.040e+7,
202.241,1.245e+7,1.245e+7,
202.246,4.511e+6,4.511e+6,
202.251,1.447e+6,1.447e+6,
202.256,4.105e+5,4.105e+5,
202.261,1.031e+5,1.031e+5,
202.266,2.290e+4,2.290e+4,
202.271,4.503e+3,4.503e+3,
202.276,7.835e+2,7.835e+2,
202.281,1.206e+2,1.206e+2,
202.286,1.643e+1,1.643e+1,
202.291,1.981e+0,1.981e+0,
202.296,2.113e-1,2.113e-1,
202.301,1.995e-2,1.995e-2,
202.306,1.666e-3,1.666e-3,
202.311,1.232e-4,1.232e-4,
202.316,8.057e-6,8.057e-6,
202.321,4.663e-7,4.663e-7,
202.326,2.388e-8,2.388e-8,
205.206,4.400e-7,4.400e-7,
205.211,7.489e-6,7.489e-6,
205.216,1.132e-4,1.132e-4,
205.221,1.520e-3,1.520e-3,
205.226,1.813e-2,1.813e-2,
205.231,1.920e-1,1.920e-1,
205.236,1.806e+0,1.806e+0,
205.241,1.509e+1,1.509e+1,
205.246,1.120e+2,1.120e+2,
205.251,7.381e+2,7.381e+2,
205.256,4.321e+3,4.321e+3,
205.261,2.247e+4,2.247e+4,
205.266,1.037e+5,1.037e+5,
205.271,4.255e+5,4.255e+5,
205.276,1.550e+6,1.550e+6,
205.281,5.014e+6,5.014e+6,
205.286,1.441e+7,1.441e+7,
205.291,3.677e+7,3.677e+7,
205.296,8.334e+7,8.334e+7,
205.302,1.903e+8,1.903e+8,
205.307,3.322e+8,3.322e+8,
205.312,5.152e+8,5.152e+8,
205.317,7.097e+8,7.097e+8,
205.322,8.682e+8,8.682e+8,
205.327,9.434e+8,9.434e+8,
205.332,9.104e+8,9.104e+8,
205.337,7.803e+8,7.803e+8,
205.342,5.940e+8,5.940e+8,
205.347,4.016e+8,4.016e+8,
205.352,2.412e+8,2.412e+8,
205.357,1.286e+8,1.286e+8,
205.362,6.094e+7,6.094e+7,
205.367,2.564e+7,2.564e+7,
205.372,9.581e+6,9.581e+6,
205.377,3.180e+6,3.180e+6,
205.382,9.373e+5,9.373e+5,
205.387,2.454e+5,2.454e+5,
205.392,5.706e+4,5.706e+4,
205.397,1.178e+4,1.178e+4,
205.402,2.162e+3,2.162e+3,
205.407,3.522e+2,3.522e+2,
205.412,5.096e+1,5.096e+1,
205.417,6.548e+0,6.548e+0,
205.422,7.474e-1,7.474e-1,
205.427,7.577e-2,7.577e-2,
205.432,6.823e-3,6.823e-3,
205.437,5.456e-4,5.456e-4,
205.442,3.875e-5,3.875e-5,
205.447,2.445e-6,2.445e-6,
205.452,1.370e-7,1.370e-7,
216.87,4.374e-6,4.374e-6,
216.875,6.558e-5,6.558e-5,
216.88,8.842e-4,8.842e-4,
216.885,1.072e-2,1.072e-2,
216.89,1.169e-1,1.169e-1,
216.895,1.146e+0,1.146e+0,
216.9,1.011e+1,1.011e+1,
216.905,8.013e+1,8.013e+1,
216.91,5.714e+2,5.714e+2,
216.915,3.664e+3,3.664e+3,
216.92,2.113e+4,2.113e+4,
216.925,1.095e+5,1.095e+5,
216.93,5.108e+5,5.108e+5,
216.935,2.142e+6,2.142e+6,
216.94,8.076e+6,8.076e+6,
216.945,2.738e+7,2.738e+7,
216.95,8.350e+7,8.350e+7,
216.955,2.290e+8,2.290e+8,
216.96,5.646e+8,5.646e+8,
216.965,1.252e+9,1.252e+9,
216.97,2.497e+9,2.497e+9,
216.975,4.477e+9,4.477e+9,
216.98,7.219e+9,7.219e+9,
216.985,1.047e+10,1.047e+10,
216.99,1.365e+10,1.365e+10,
216.995,1.601e+10,1.601e+10,
217,1.688e+10,1.688e+10,
217.005,1.601e+10,1.601e+10,
217.01,1.365e+10,1.365e+10,
217.015,1.047e+10,1.047e+10,
217.02,7.219e+9,7.219e+9,
217.025,4.477e+9,4.477e+9,
217.03,2.497e+9,2.497e+9,
217.035,1.252e+9,1.252e+9,
217.04,5.646e+8,5.646e+8,
217.045,2.290e+8,2.290e+8,
217.05,8.350e+7,8.350e+7,
217.055,2.738e+7,2.738e+7,
217.06,8.076e+6,8.076e+6,
217.065,2.142e+6,2.142e+6,
217.07,5.108e+5,5.108e+5,
217.075,1.095e+5,1.095e+5,
217.08,2.113e+4,2.113e+4,
217.085,3.664e+3,3.664e+3,
217.09,5.714e+2,5.714e+2,
217.095,8.013e+1,8.013e+1,
217.1,1.011e+1,1.011e+1,
217.105,1.146e+0,1.146e+0,
217.11,1.169e-1,1.169e-1,
217.115,1.072e-2,1.072e-2,
217.12,8.842e-4,8.842e-4,
217.125,6.558e-5,6.558e-5,
217.13,4.374e-6,4.374e-6,
220.221,6.602e-5,,6.602e-5
220.226,9.505e-4,,9.505e-4
220.231,1.235e-2,,1.235e-2
220.236,1.447e-1,,1.447e-1
220.241,1.529e+0,,1.529e+0
220.246,1.458e+1,,1.458e+1
220.251,1.255e+2,,1.255e+2
220.256,9.739e+2,,9.739e+2
220.261,6.819e+3,,6.819e+3
220.266,4.308e+4,,4.308e+4
220.271,2.455e+5,,2.455e+5
220.276,1.262e+6,,1.262e+6
220.281,5.854e+6,,5.854e+6
220.286,2.450e+7,,2.450e+7
220.291,9.247e+7,,9.247e+7
220.296,3.149e+8,,3.149e+8
220.301,9.675e+8,,9.675e+8
220.306,2.682e+9,,2.682e+9
220.311,6.705e+9,,6.705e+9
220.316,1.513e+10,,1.513e+10
220.321,3.078e+10,,3.078e+10
220.326,5.651e+10,,5.651e+10
220.331,9.360e+10,,9.360e+10
220.336,1.399e+11,,1.399e+11
220.341,1.885e+11,,1.885e+11
220.346,2.293e+11,,2.293e+11
220.351,2.515e+11,,2.515e+11
220.356,2.490e+11,,2.490e+11
220.361,2.223e+11,,2.223e+11
220.366,1.791e+11,,1.791e+11
220.371,1.301e+11,,1.301e+11
220.376,8.531e+10,,8.531e+10
220.381,5.046e+10,,5.046e+10
220.386,2.692e+10,,2.692e+10
220.391,1.296e+10,,1.296e+10
220.396,5.628e+9,,5.628e+9
220.401,2.205e+9,,2.205e+9
220.406,7.793e+8,,7.793e+8
220.411,2.485e+8,,2.485e+8
220.416,7.148e+7,,7.148e+7
220.421,1.855e+7,,1.855e+7
220.426,4.343e+6,,4.343e+6
220.431,9.172e+5,,9.172e+5
220.436,1.748e+5,,1.748e+5
220.441,3.004e+4,,3.004e+4
220.446,4.659e+3,,4.659e+3
220.451,6.518e+2,,6.518e+2
220.456,8.226e+1,,8.226e+1
220.461,9.366e+0,,9.366e+0
220.466,9.621e-1,,9.621e-1
220.471,8.916e-2,,8.916e-2
220.476,7.454e-3,,7.454e-3
220.481,5.622e-4,,5.622e-4
220.486,3.825e-5,,3.825e-5
240.048,1.332e-7,1.332e-7,
240.053,1.603e-6,1.603e-6,
240.058,1.768e-5,1.768e-5,
240.063,1.788e-4,1.788e-4,
240.068,1.658e-3,1.658e-3,
240.073,1.410e-2,1.410e-2,
240.078,1.100e-1,1.100e-1,
240.083,7.866e-1,7.866e-1,
240.088,5.158e+0,5.158e+0,
240.093,3.102e+1,3.102e+1,
240.098,1.710e+2,1.710e+2,
240.103,8.648e+2,8.648e+2,
240.108,4.010e+3,4.010e+3,
240.113,1.705e+4,1.705e+4,
240.118,6.647e+4,6.647e+4,
240.123,2.376e+5,2.376e+5,
240.128,7.790e+5,7.790e+5,
240.133,2.342e+6,2.342e+6,
240.138,6.455e+6,6.455e+6,
240.143,1.632e+7,1.632e+7,
240.148,3.782e+7,3.782e+7,
240.153,8.038e+7,8.038e+7,
240.158,1.567e+8,1.567e+8,
240.163,2.800e+8,2.800e+8,
240.168,4.589e+8,4.589e+8,
240.173,6.896e+8,6.896e+8,
240.178,9.503e+8,9.503e+8,
240.183,1.201e+9,1.201e+9,
240.188,1.391e+9,1.391e+9,
240.193,1.479e+9,1.479e+9,
240.198,1.441e+9,1.441e+9,
240.203,1.287e+9,1.287e+9,
240.208,1.054e+9,1.054e+9,
240.213,7.922e+8,7.922e+8,
240.218,5.457e+8,5.457e+8,
240.223,3.447e+8,3.447e+8,
240.228,1.997e+8,1.997e+8,
240.233,1.061e+8,1.061e+8,
240.238,5.167e+7,5.167e+7,
240.243,2.308e+7,2.308e+7,
240.248,9.452e+6,9.452e+6,
240.253,3.550e+6,3.550e+6,
240.258,1.222e+6,1.222e+6,
240.263,3.861e+5,3.861e+5,
240.268,1.118e+5,1.118e+5,
240.273,2.969e+4,2.969e+4,
240.278,7.229e+3,7.229e+3,
240.283,1.614e+3,1.614e+3,
240.288,3.305e+2,3.305e+2,
240.293,6.205e+1,6.205e+1,
240.298,1.068e+1,1.068e+1,
240.303,1.686e+0,1.686e+0,
240.308,2.441e-1,2.441e-1,
240.313,3.241e-2,3.241e-2,
240.318,3.945e-3,3.945e-3,
240.323,4.403e-4,4.403e-4,
240.328,4.507e-5,4.507e-5,
240.333,4.230e-6,4.230e-6,
240.338,3.641e-7,3.641e-7,
244.469,9.363e-8,9.363e-8,
244.474,1.083e-6,1.083e-6,
244.479,1.153e-5,1.153e-5,
244.484,1.128e-4,1.128e-4,
244.489,1.016e-3,1.016e-3,
244.494,8.412e-3,8.412e-3,
244.499,6.408e-2,6.408e-2,
244.504,4.490e-1,4.490e-1,
244.509,2.894e+0,2.894e+0,
244.514,1.716e+1,1.716e+1,
244.519,9.357e+1,9.357e+1,
244.524,4.694e+2,4.694e+2,
244.529,2.166e+3,2.166e+3,
244.534,9.192e+3,9.192e+3,
244.539,3.589e+4,3.589e+4,
244.544,1.289e+5,1.289e+5,
244.549,4.257e+5,4.257e+5,
244.554,1.293e+6,1.293e+6,
244.559,3.615e+6,3.615e+6,
244.564,9.293e+6,9.293e+6,
244.569,2.198e+7,2.198e+7,
244.574,4.780e+7,4.780e+7,
244.579,9.564e+7,9.564e+7,
244.584,1.760e+8,1.760e+8,
244.589,2.980e+8,2.980e+8,
244.594,4.640e+8,4.640e+8,
244.599,6.646e+8,6.646e+8,
244.604,8.756e+8,8.756e+8,
244.609,1.061e+9,1.061e+9,
244.614,1.183e+9,1.183e+9,
244.619,1.213e+9,1.213e+9,
244.624,1.144e+9,1.144e+9,
244.629,9.925e+8,9.925e+8,
244.634,7.920e+8,7.920e+8,
244.639,5.814e+8,5.814e+8,
244.644,3.926e+8,3.926e+8,
244.649,2.438e+8,2.438e+8,
244.654,1.393e+8,1.393e+8,
244.659,7.320e+7,7.320e+7,
244.664,3.538e+7,3.538e+7,
244.669,1.573e+7,1.573e+7,
244.674,6.434e+6,6.434e+6,
244.679,2.421e+6,2.421e+6,
244.684,8.376e+5,8.376e+5,
244.689,2.666e+5,2.666e+5,
244.694,7.806e+4,7.806e+4,
244.699,2.102e+4,2.102e+4,
244.704,5.208e+3,5.208e+3,
244.709,1.187e+3,1.187e+3,
244.714,2.487e+2,2.487e+2,
244.719,4.795e+1,4.795e+1,
244.724,8.504e+0,8.504e+0,
244.729,1.387e+0,1.387e+0,
244.734,2.082e-1,2.082e-1,
244.739,2.873e-2,2.873e-2,
244.744,3.648e-3,3.648e-3,
244.749,4.260e-4,4.260e-4,
244.754,4.576e-5,4.576e-5,
244.759,4.521e-6,4.521e-6,
244.764,4.109e-7,4.109e-7,
247.49,9.033e-7,9.033e-7,
247.495,9.688e-6,9.688e-6,
247.5,9.577e-5,9.577e-5,
247.505,8.727e-4,8.727e-4,
247.51,7.329e-3,7.329e-3,
247.515,5.673e-2,5.673e-2,
247.52,4.047e-1,4.047e-1,
247.525,2.662e+0,2.662e+0,
247.53,1.613e+1,1.613e+1,
247.535,9.012e+1,9.012e+1,
247.54,4.641e+2,4.641e+2,
247.545,2.202e+3,2.202e+3,
247.55,9.634e+3,9.634e+3,
247.555,3.884e+4,3.884e+4,
247.56,1.443e+5,1.443e+5,
247.565,4.944e+5,4.944e+5,
247.57,1.561e+6,1.561e+6,
247.575,4.542e+6,4.542e+6,
247.58,1.218e+7,1.218e+7,
247.585,3.011e+7,3.011e+7,
247.59,6.861e+7,6.861e+7,
247.595,1.441e+8,1.441e+8,
247.6,2.789e+8,2.789e+8,
247.605,4.975e+8,4.975e+8,
247.61,8.181e+8,8.181e+8,
247.615,1.240e+9,1.240e+9,
247.62,1.732e+9,1.732e+9,
247.625,2.230e+9,2.230e+9,
247.63,2.647e+9,2.647e+9,
247.635,2.895e+9,2.895e+9,
247.64,2.919e+9,2.919e+9,
247.645,2.712e+9,2.712e+9,
247.65,2.323e+9,2.323e+9,
247.655,1.834e+9,1.834e+9,
247.66,1.334e+9,1.334e+9,
247.665,8.949e+8,8.949e+8,
247.67,5.532e+8,5.532e+8,
247.675,3.152e+8,3.152e+8,
247.68,1.655e+8,1.655e+8,
247.685,8.010e+7,8.010e+7,
247.69,3.573e+7,3.573e+7,
247.695,1.469e+7,1.469e+7,
247.7,5.569e+6,5.569e+6,
247.705,1.945e+6,1.945e+6,
247.71,6.263e+5,6.263e+5,
247.715,1.859e+5,1.859e+5,
247.72,5.083e+4,5.083e+4,
247.725,1.282e+4,1.282e+4,
247.73,2.978e+3,2.978e+3,
247.735,6.378e+2,6.378e+2,
247.74,1.259e+2,1.259e+2,
247.745,2.291e+1,2.291e+1,
247.75,3.841e+0,3.841e+0,
247.755,5.938e-1,5.938e-1,
247.76,8.459e-2,8.459e-2,
247.765,1.111e-2,1.111e-2,
247.77,1.344e-3,1.344e-3,
247.775,1.500e-4,1.500e-4,
247.78,1.542e-5,1.542e-5,
247.785,1.461e-6,1.461e-6,
257.573,1.352e-6,1.352e-6,
257.578,1.304e-5,1.304e-5,
257.583,1.165e-4,1.165e-4,
257.588,9.663e-4,9.663e-4,
257.593,7.431e-3,7.431e-3,
257.598,5.300e-2,5.300e-2,
257.603,3.507e-1,3.507e-1,
257.608,2.152e+0,2.152e+0,
257.613,1.224e+1,1.224e+1,
257.618,6.463e+1,6.463e+1,
257.623,3.164e+2,3.164e+2,
257.628,1.437e+3,1.437e+3,
257.633,6.050e+3,6.050e+3,
257.638,2.363e+4,2.363e+4,
257.643,8.560e+4,8.560e+4,
257.648,2.876e+5,2.876e+5,
257.653,8.963e+5,8.963e+5,
257.658,2.591e+6,2.591e+6,
257.663,6.945e+6,6.945e+6,
257.668,1.727e+7,1.727e+7,
257.673,3.982e+7,3.982e+7,
257.678,8.517e+7,8.517e+7,
257.683,1.690e+8,1.690e+8,
257.688,3.109e+8,3.109e+8,
257.693,5.305e+8,5.305e+8,
257.698,8.397e+8,8.397e+8,
257.703,1.233e+9,1.233e+9,
257.708,1.678e+9,1.678e+9,
257.713,2.120e+9,2.120e+9,
257.718,2.483e+9,2.483e+9,
257.723,2.697e+9,2.697e+9,
257.728,2.717e+9,2.717e+9,
257.733,2.539e+9,2.539e+9,
257.738,2.201e+9,2.201e+9,
257.743,1.769e+9,1.769e+9,
257.748,1.319e+9,1.319e+9,
257.753,9.122e+8,9.122e+8,
257.758,5.851e+8,5.851e+8,
257.763,3.481e+8,3.481e+8,
257.768,1.920e+8,1.920e+8,
257.773,9.827e+7,9.827e+7,
257.778,4.664e+7,4.664e+7,
257.783,2.053e+7,2.053e+7,
257.789,6.945e+6,6.945e+6,
257.794,2.591e+6,2.591e+6,
257.799,8.963e+5,8.963e+5,
257.804,2.876e+5,2.876e+5,
257.809,8.560e+4,8.560e+4,
257.814,2.363e+4,2.363e+4,
257.819,6.050e+3,6.050e+3,
257.824,1.437e+3,1.437e+3,
257.829,3.164e+2,3.164e+2,
257.834,6.463e+1,6.463e+1,
257.839,1.224e+1,1.224e+1,
257.844,2.152e+0,2.152e+0,
257.849,3.507e-1,3.507e-1,
257.854,5.300e-2,5.300e-2,
257.859,7.431e-3,7.431e-3,
257.864,9.663e-4,9.663e-4,
257.869,1.165e-4,1.165e-4,
257.874,1.304e-5,1.304e-5,
257.879,1.352e-6,1.352e-6,
261.21,5.879e-7,5.879e-7,
261.215,5.561e-6,5.561e-6,
261.22,4.889e-5,4.889e-5,
261.225,3.995e-4,3.995e-4,
261.23,3.034e-3,3.034e-3,
261.235,2.142e-2,2.142e-2,
261.24,1.405e-1,1.405e-1,
261.245,8.568e-1,8.568e-1,
261.25,4.856e+0,4.856e+0,
261.255,2.558e+1,2.558e+1,
261.26,1.252e+2,1.252e+2,
261.265,5.697e+2,5.697e+2,
261.27,2.409e+3,2.409e+3,
261.275,9.468e+3,9.468e+3,
261.28,3.459e+4,3.459e+4,
261.285,1.174e+5,1.174e+5,
261.29,3.705e+5,3.705e+5,
261.295,1.087e+6,1.087e+6,
261.3,2.962e+6,2.962e+6,
261.305,7.505e+6,7.505e+6,
261.31,1.767e+7,1.767e+7,
261.315,3.867e+7,3.867e+7,
261.32,7.868e+7,7.868e+7,
261.325,1.488e+8,1.488e+8,
261.33,2.616e+8,2.616e+8,
261.335,4.280e+8,4.280e+8,
261.34,6.519e+8,6.519e+8,
261.345,9.265e+8,9.265e+8,
261.35,1.234e+9,1.234e+9,
261.355,1.553e+9,1.553e+9,
261.36,1.877e+9,1.877e+9,
261.365,2.239e+9,2.239e+9,
261.37,2.733e+9,2.733e+9,
261.375,3.525e+9,3.525e+9,
261.38,4.833e+9,4.833e+9,
261.385,6.868e+9,6.868e+9,
261.39,9.744e+9,9.744e+9,
261.395,1.338e+10,1.338e+10,
261.4,1.744e+10,1.744e+10,
261.405,2.136e+10,2.136e+10,
261.41,2.443e+10,2.443e+10,
261.415,2.604e+10,2.604e+10,
261.42,2.582e+10,2.582e+10,
261.425,2.381e+10,2.381e+10,
261.43,2.042e+10,2.042e+10,
261.435,1.627e+10,1.627e+10,
261.44,1.205e+10,1.205e+10,
261.445,8.299e+9,8.299e+9,
261.45,5.311e+9,5.311e+9,
261.455,3.159e+9,3.159e+9,
261.46,1.747e+9,1.747e+9,
261.465,8.976e+8,8.976e+8,
261.47,4.287e+8,4.287e+8,
261.475,1.903e+8,1.903e+8,
261.48,7.852e+7,7.852e+7,
261.485,3.011e+7,3.011e+7,
261.49,1.073e+7,1.073e+7,
261.495,3.555e+6,3.555e+6,
261.5,1.095e+6,1.095e+6,
261.505,3.133e+5,3.133e+5,
261.51,8.334e+4,8.334e+4,
261.515,2.060e+4,2.060e+4,
261.52,4.734e+3,4.734e+3,
261.525,1.011e+3,1.011e+3,
261.53,2.007e+2,2.007e+2,
261.535,3.703e+1,3.703e+1,
261.54,6.350e+0,6.350e+0,
261.545,1.012e+0,1.012e+0,
261.55,1.499e-1,1.499e-1,
261.555,2.065e-2,2.065e-2,
261.56,2.642e-3,2.642e-3,
261.565,3.143e-4,3.143e-4,
261.57,3.474e-5,3.474e-5,
261.575,3.570e-6,3.570e-6,
262.67,1.162e-7,1.162e-7,
262.675,1.072e-6,1.072e-6,
262.68,9.204e-6,9.204e-6,
262.685,7.348e-5,7.348e-5,
262.69,5.457e-4,5.457e-4,
262.695,3.769e-3,3.769e-3,
262.7,2.422e-2,2.422e-2,
262.705,1.447e-1,1.447e-1,
262.71,8.047e-1,8.047e-1,
262.715,4.161e+0,4.161e+0,
262.72,2.001e+1,2.001e+1,
262.725,8.955e+1,8.955e+1,
262.73,3.727e+2,3.727e+2,
262.735,1.443e+3,1.443e+3,
262.74,5.195e+3,5.195e+3,
262.745,1.740e+4,1.740e+4,
262.75,5.421e+4,5.421e+4,
262.755,1.571e+5,1.571e+5,
262.76,4.235e+5,4.235e+5,
262.765,1.062e+6,1.062e+6,
262.77,2.477e+6,2.477e+6,
262.775,5.373e+6,5.373e+6,
262.78,1.084e+7,1.084e+7,
262.785,2.035e+7,2.035e+7,
262.79,3.554e+7,3.554e+7,
262.795,5.771e+7,5.771e+7,
262.8,8.719e+7,8.719e+7,
262.805,1.225e+8,1.225e+8,
262.81,1.601e+8,1.601e+8,
262.815,1.947e+8,1.947e+8,
262.82,2.202e+8,2.202e+8,
262.825,2.317e+8,2.317e+8,
262.83,2.267e+8,2.267e+8,
262.835,2.063e+8,2.063e+8,
262.84,1.747e+8,1.747e+8,
262.845,1.376e+8,1.376e+8,
262.85,1.008e+8,1.008e+8,
262.855,6.866e+7,6.866e+7,
262.86,4.352e+7,4.352e+7,
262.865,2.566e+7,2.566e+7,
262.87,1.407e+7,1.407e+7,
262.875,7.177e+6,7.177e+6,
262.88,3.405e+6,3.405e+6,
262.885,1.503e+6,1.503e+6,
262.89,6.170e+5,6.170e+5,
262.895,2.356e+5,2.356e+5,
262.9,8.369e+4,8.369e+4,
262.905,2.765e+4,2.765e+4,
262.91,8.498e+3,8.498e+3,
262.915,2.429e+3,2.429e+3,
262.92,6.460e+2,6.460e+2,
262.925,1.598e+2,1.598e+2,
262.93,3.676e+1,3.676e+1,
262.935,7.867e+0,7.867e+0,
262.94,1.566e+0,1.566e+0,
262.945,2.900e-1,2.900e-1,
262.95,4.995e-2,4.995e-2,
262.955,8.002e-3,8.002e-3,
262.96,1.192e-3,1.192e-3,
262.965,1.653e-4,1.653e-4,
262.97,2.131e-5,2.131e-5,
262.975,2.556e-6,2.556e-6,
262.98,2.852e-7,2.852e-7,
262.985,2.959e-8,2.959e-8,
266.156,2.165e-6,2.165e-6,
266.161,1.967e-5,1.967e-5,
266.166,1.665e-4,1.665e-4,
266.171,1.314e-3,1.314e-3,
266.176,9.660e-3,9.660e-3,
266.181,6.619e-2,6.619e-2,
266.186,4.227e-1,4.227e-1,
266.191,2.516e+0,2.516e+0,
266.196,1.395e+1,1.395e+1,
266.201,7.211e+1,7.211e+1,
266.206,3.474e+2,3.474e+2,
266.211,1.559e+3,1.559e+3,
266.216,6.523e+3,6.523e+3,
266.221,2.543e+4,2.543e+4,
266.226,9.239e+4,9.239e+4,
266.231,3.128e+5,3.128e+5,
266.236,9.871e+5,9.871e+5,
266.241,2.903e+6,2.903e+6,
266.246,7.955e+6,7.955e+6,
266.251,2.032e+7,2.032e+7,
266.256,4.835e+7,4.835e+7,
266.261,1.073e+8,1.073e+8,
266.266,2.217e+8,2.217e+8,
266.271,4.271e+8,4.271e+8,
266.276,7.667e+8,7.667e+8,
266.281,1.283e+9,1.283e+9,
266.286,2.000e+9,2.000e+9,
266.291,2.906e+9,2.906e+9,
266.296,3.935e+9,3.935e+9,
266.301,4.966e+9,4.966e+9,
266.306,5.840e+9,5.840e+9,
266.311,6.400e+9,6.400e+9,
266.316,6.537e+9,6.537e+9,
266.321,6.222e+9,6.222e+9,
266.326,5.519e+9,5.519e+9,
266.331,4.563e+9,4.563e+9,
266.336,3.515e+9,3.515e+9,
266.341,2.524e+9,2.524e+9,
266.346,1.689e+9,1.689e+9,
266.351,1.053e+9,1.053e+9,
266.356,6.118e+8,6.118e+8,
266.361,3.313e+8,3.313e+8,
266.366,1.672e+8,1.672e+8,
266.371,7.865e+7,7.865e+7,
266.376,3.447e+7,3.447e+7,
266.381,1.408e+7,1.408e+7,
266.386,5.360e+6,5.360e+6,
266.391,1.902e+6,1.902e+6,
266.396,6.287e+5,6.287e+5,
266.401,1.937e+5,1.937e+5,
266.406,5.562e+4,5.562e+4,
266.411,1.488e+4,1.488e+4,
266.416,3.711e+3,3.711e+3,
266.421,8.625e+2,8.625e+2,
266.426,1.868e+2,1.868e+2,
266.431,3.770e+1,3.770e+1,
266.436,7.091e+0,7.091e+0,
266.441,1.243e+0,1.243e+0,
266.446,2.031e-1,2.031e-1,
266.451,3.091e-2,3.091e-2,
266.456,4.386e-3,4.386e-3,
266.461,5.799e-4,5.799e-4,
266.466,7.146e-5,7.146e-5,
266.471,8.205e-6,8.205e-6,
266.476,8.781e-7,8.781e-7,
280.031,3.982e-6,3.982e-6,
280.036,3.320e-5,3.320e-5,
280.041,2.597e-4,2.597e-4,
280.046,1.906e-3,1.906e-3,
280.051,1.313e-2,1.313e-2,
280.056,8.484e-2,8.484e-2,
280.061,5.144e-1,5.144e-1,
280.066,2.927e+0,2.927e+0,
280.071,1.562e+1,1.562e+1,
280.076,7.825e+1,7.825e+1,
280.081,3.678e+2,3.678e+2,
280.086,1.622e+3,1.622e+3,
280.091,6.711e+3,6.711e+3,
280.096,2.606e+4,2.606e+4,
280.101,9.492e+4,9.492e+4,
280.106,3.245e+5,3.245e+5,
280.111,1.041e+6,1.041e+6,
280.116,3.132e+6,3.132e+6,
280.121,8.843e+6,8.843e+6,
280.126,2.343e+7,2.343e+7,
280.131,5.825e+7,5.825e+7,
280.136,1.359e+8,1.359e+8,
280.141,2.974e+8,2.974e+8,
280.146,6.107e+8,6.107e+8,
280.151,1.177e+9,1.177e+9,
280.156,2.128e+9,2.128e+9,
280.161,3.610e+9,3.610e+9,
280.166,5.747e+9,5.747e+9,
280.171,8.583e+9,8.583e+9,
280.176,1.203e+10,1.203e+10,
280.181,1.582e+10,1.582e+10,
280.186,1.952e+10,1.952e+10,
280.191,2.260e+10,2.260e+10,
280.196,2.455e+10,2.455e+10,
280.201,2.502e+10,2.502e+10,
280.206,2.393e+10,2.393e+10,
280.211,2.148e+10,2.148e+10,
280.216,1.808e+10,1.808e+10,
280.221,1.429e+10,1.429e+10,
280.226,1.059e+10,1.059e+10,
280.231,7.367e+9,7.367e+9,
280.236,4.808e+9,4.808e+9,
280.241,2.944e+9,2.944e+9,
280.246,1.692e+9,1.692e+9,
280.251,9.122e+8,9.122e+8,
280.256,4.615e+8,4.615e+8,
280.261,2.191e+8,2.191e+8,
280.266,9.757e+7,9.757e+7,
280.271,4.078e+7,4.078e+7,
280.276,1.599e+7,1.599e+7,
280.281,5.883e+6,5.883e+6,
280.286,2.031e+6,2.031e+6,
280.291,6.579e+5,6.579e+5,
280.296,2.000e+5,2.000e+5,
280.301,5.703e+4,5.703e+4,
280.306,1.526e+4,1.526e+4,
280.311,3.832e+3,3.832e+3,
280.316,9.028e+2,9.028e+2,
280.321,1.996e+2,1.996e+2,
280.326,4.139e+1,4.139e+1,
280.331,8.056e+0,8.056e+0,
280.336,1.471e+0,1.471e+0,
280.341,2.521e-1,2.521e-1,
280.346,4.053e-2,4.053e-2,
280.351,6.114e-3,6.114e-3,
280.356,8.654e-4,8.654e-4,
280.361,1.149e-4,1.149e-4,
280.366,1.432e-5,1.432e-5,
282.151,1.277e-6,1.277e-6,
282.156,1.019e-5,1.019e-5,
282.161,7.632e-5,7.632e-5,
282.166,5.370e-4,5.370e-4,
282.171,3.548e-3,3.548e-3,
282.176,2.202e-2,2.202e-2,
282.181,1.283e-1,1.283e-1,
282.186,7.026e-1,7.026e-1,
282.191,3.612e+0,3.612e+0,
282.196,1.744e+1,1.744e+1,
282.201,7.910e+1,7.910e+1,
282.206,3.369e+2,3.369e+2,
282.211,1.348e+3,1.348e+3,
282.216,5.064e+3,5.064e+3,
282.221,1.787e+4,1.787e+4,
282.226,5.922e+4,5.922e+4,
282.231,1.843e+5,1.843e+5,
282.236,5.388e+5,5.388e+5,
282.241,1.479e+6,1.479e+6,
282.246,3.815e+6,3.815e+6,
282.251,9.239e+6,9.239e+6,
282.256,2.101e+7,2.101e+7,
282.261,4.489e+7,4.489e+7,
282.266,9.007e+7,9.007e+7,
282.271,1.697e+8,1.697e+8,
282.276,3.004e+8,3.004e+8,
282.281,4.993e+8,4.993e+8,
282.286,7.794e+8,7.794e+8,
282.291,1.143e+9,1.143e+9,
282.296,1.574e+9,1.574e+9,
282.301,2.035e+9,2.035e+9,
282.306,2.472e+9,2.472e+9,
282.311,2.820e+9,2.820e+9,
282.316,3.022e+9,3.022e+9,
282.321,3.041e+9,3.041e+9,
282.326,2.874e+9,2.874e+9,
282.331,2.551e+9,2.551e+9,
282.336,2.127e+9,2.127e+9,
282.341,1.665e+9,1.665e+9,
282.346,1.224e+9,1.224e+9,
282.351,8.457e+8,8.457e+8,
282.356,5.485e+8,5.485e+8,
282.361,3.342e+8,3.342e+8,
282.366,1.912e+8,1.912e+8,
282.371,1.028e+8,1.028e+8,
282.376,5.186e+7,5.186e+7,
282.381,2.458e+7,2.458e+7,
282.386,1.094e+7,1.094e+7,
282.391,4.576e+6,4.576e+6,
282.396,1.797e+6,1.797e+6,
282.401,6.628e+5,6.628e+5,
282.406,2.296e+5,2.296e+5,
282.411,7.469e+4,7.469e+4,
282.416,2.282e+4,2.282e+4,
282.421,6.549e+3,6.549e+3,
282.426,1.765e+3,1.765e+3,
282.431,4.468e+2,4.468e+2,
282.436,1.062e+2,1.062e+2,
282.441,2.372e+1,2.372e+1,
282.446,4.974e+0,4.974e+0,
282.451,9.797e-1,9.797e-1,
282.456,1.812e-1,1.812e-1,
282.461,3.149e-2,3.149e-2,
282.466,5.138e-3,5.138e-3,
282.471,7.873e-4,7.873e-4,
282.476,1.133e-4,1.133e-4,
282.481,1.532e-5,1.532e-5,
282.487,1.277e-6,1.277e-6,
283.137,6.719e-6,6.719e-6,
283.142,5.282e-5,5.282e-5,
283.147,3.902e-4,3.902e-4,
283.152,2.708e-3,2.708e-3,
283.157,1.766e-2,1.766e-2,
283.162,1.082e-1,1.082e-1,
283.167,6.231e-1,6.231e-1,
283.172,3.371e+0,3.371e+0,
283.177,1.714e+1,1.714e+1,
283.182,8.184e+1,8.184e+1,
283.187,3.673e+2,3.673e+2,
283.192,1.549e+3,1.549e+3,
283.197,6.136e+3,6.136e+3,
283.202,2.284e+4,2.284e+4,
283.207,7.990e+4,7.990e+4,
283.212,2.626e+5,2.626e+5,
283.217,8.109e+5,8.109e+5,
283.222,2.353e+6,2.353e+6,
283.227,6.415e+6,6.415e+6,
283.232,1.643e+7,1.643e+7,
283.237,3.955e+7,3.955e+7,
283.242,8.946e+7,8.946e+7,
283.247,1.901e+8,1.901e+8,
283.252,3.796e+8,3.796e+8,
283.257,7.121e+8,7.121e+8,
283.262,1.255e+9,1.255e+9,
283.267,2.079e+9,2.079e+9,
283.272,3.236e+9,3.236e+9,
283.277,4.732e+9,4.732e+9,
283.282,6.501e+9,6.501e+9,
283.287,8.393e+9,8.393e+9,
283.292,1.018e+10,1.018e+10,
283.297,1.160e+10,1.160e+10,
283.302,1.243e+10,1.243e+10,
283.307,1.250e+10,1.250e+10,
283.312,1.182e+10,1.182e+10,
283.317,1.050e+10,1.050e+10,
283.322,8.767e+9,8.767e+9,
283.327,6.876e+9,6.876e+9,
283.332,5.067e+9,5.067e+9,
283.337,3.509e+9,3.509e+9,
283.342,2.283e+9,2.283e+9,
283.347,1.395e+9,1.395e+9,
283.352,8.016e+8,8.016e+8,
283.357,4.326e+8,4.326e+8,
283.362,2.194e+8,2.194e+8,
283.367,1.045e+8,1.045e+8,
283.372,4.680e+7,4.680e+7,
283.377,1.969e+7,1.969e+7,
283.382,7.781e+6,7.781e+6,
283.387,2.890e+6,2.890e+6,
283.392,1.008e+6,1.008e+6,
283.397,3.307e+5,3.307e+5,
283.402,1.019e+5,1.019e+5,
283.407,2.949e+4,2.949e+4,
283.412,8.021e+3,8.021e+3,
283.417,2.050e+3,2.050e+3,
283.422,4.922e+2,4.922e+2,
283.427,1.111e+2,1.111e+2,
283.432,2.354e+1,2.354e+1,
283.437,4.690e+0,4.690e+0,
283.442,8.778e-1,8.778e-1,
283.447,1.544e-1,1.544e-1,
283.452,2.551e-2,2.551e-2,
283.457,3.960e-3,3.960e-3,
283.462,5.777e-4,5.777e-4,
283.467,7.919e-5,7.919e-5,
283.472,1.020e-5,1.020e-5,
283.477,1.234e-6,1.234e-6,
287.158,8.085e-7,8.085e-7,
287.163,6.377e-6,6.377e-6,
287.168,4.734e-5,4.734e-5,
287.173,3.307e-4,3.307e-4,
287.178,2.175e-3,2.175e-3,
287.183,1.346e-2,1.346e-2,
287.188,7.844e-2,7.844e-2,
287.193,4.302e-1,4.302e-1,
287.198,2.220e+0,2.220e+0,
287.203,1.079e+1,1.079e+1,
287.208,4.933e+1,4.933e+1,
287.213,2.123e+2,2.123e+2,
287.218,8.601e+2,8.601e+2,
287.223,3.280e+3,3.280e+3,
287.228,1.177e+4,1.177e+4,
287.233,3.976e+4,3.976e+4,
287.238,1.264e+5,1.264e+5,
287.243,3.784e+5,3.784e+5,
287.248,1.066e+6,1.066e+6,
287.253,2.826e+6,2.826e+6,
287.258,7.051e+6,7.051e+6,
287.263,1.656e+7,1.656e+7,
287.268,3.662e+7,3.662e+7,
287.273,7.620e+7,7.620e+7,
287.278,1.492e+8,1.492e+8,
287.283,2.751e+8,2.751e+8,
287.288,4.774e+8,4.774e+8,
287.293,7.797e+8,7.797e+8,
287.298,1.199e+9,1.199e+9,
287.303,1.734e+9,1.734e+9,
287.308,2.362e+9,2.362e+9,
287.313,3.028e+9,3.028e+9,
287.318,3.653e+9,3.653e+9,
287.323,4.148e+9,4.148e+9,
287.328,4.434e+9,4.434e+9,
287.333,4.461e+9,4.461e+9,
287.338,4.224e+9,4.224e+9,
287.343,3.765e+9,3.765e+9,
287.348,3.159e+9,3.159e+9,
287.353,2.494e+9,2.494e+9,
287.358,1.854e+9,1.854e+9,
287.363,1.297e+9,1.297e+9,
287.368,8.539e+8,8.539e+8,
287.373,5.292e+8,5.292e+8,
287.378,3.087e+8,3.087e+8,
287.383,1.695e+8,1.695e+8,
287.388,8.759e+7,8.759e+7,
287.393,4.260e+7,4.260e+7,
287.398,1.951e+7,1.951e+7,
287.403,8.405e+6,8.405e+6,
287.408,3.409e+6,3.409e+6,
287.413,1.302e+6,1.302e+6,
287.418,4.677e+5,4.677e+5,
287.423,1.582e+5,1.582e+5,
287.428,5.035e+4,5.035e+4,
287.433,1.509e+4,1.509e+4,
287.438,4.255e+3,4.255e+3,
287.443,1.130e+3,1.130e+3,
287.448,2.822e+2,2.822e+2,
287.453,6.637e+1,6.637e+1,
287.458,1.469e+1,1.469e+1,
287.463,3.061e+0,3.061e+0,
287.468,6.002e-1,6.002e-1,
287.473,1.108e-1,1.108e-1,
287.478,1.925e-2,1.925e-2,
287.483,3.147e-3,3.147e-3,
287.488,4.844e-4,4.844e-4,
287.493,7.017e-5,7.017e-5,
287.498,9.568e-6,9.568e-6,
287.503,1.228e-6,1.228e-6,
357.056,2.628e-7,2.628e-7,
357.061,1.411e-6,1.411e-6,
357.066,7.282e-6,7.282e-6,
357.071,3.614e-5,3.614e-5,
357.076,1.725e-4,1.725e-4,
357.081,7.917e-4,7.917e-4,
357.086,3.494e-3,3.494e-3,
357.091,1.483e-2,1.483e-2,
357.096,6.050e-2,6.050e-2,
357.101,2.374e-1,2.374e-1,
357.106,8.958e-1,8.958e-1,
357.111,3.250e+0,3.250e+0,
357.116,1.134e+1,1.134e+1,
357.121,3.804e+1,3.804e+1,
357.126,1.227e+2,1.227e+2,
357.131,3.807e+2,3.807e+2,
357.136,1.135e+3,1.135e+3,
357.141,3.257e+3,3.257e+3,
357.146,8.983e+3,8.983e+3,
357.151,2.382e+4,2.382e+4,
357.156,6.076e+4,6.076e+4,
357.161,1.490e+5,1.490e+5,
357.166,3.513e+5,3.513e+5,
357.171,7.967e+5,7.967e+5,
357.176,1.737e+6,1.737e+6,
357.181,3.642e+6,3.642e+6,
357.186,7.343e+6,7.343e+6,
357.191,1.424e+7,1.424e+7,
357.196,2.654e+7,2.654e+7,
357.201,4.757e+7,4.757e+7,
357.206,8.200e+7,8.200e+7,
357.211,1.359e+8,1.359e+8,
357.216,2.166e+8,2.166e+8,
357.221,3.320e+8,3.320e+8,
357.226,4.893e+8,4.893e+8,
357.231,6.933e+8,6.933e+8,
357.236,9.448e+8,9.448e+8,
357.241,1.238e+9,1.238e+9,
357.246,1.560e+9,1.560e+9,
357.251,1.890e+9,1.890e+9,
357.256,2.202e+9,2.202e+9,
357.261,2.467e+9,2.467e+9,
357.266,2.657e+9,2.657e+9,
357.271,2.753e+9,2.753e+9,
357.276,2.742e+9,2.742e+9,
357.281,2.626e+9,2.626e+9,
357.286,2.419e+9,2.419e+9,
357.291,2.142e+9,2.142e+9,
357.296,1.824e+9,1.824e+9,
357.301,1.494e+9,1.494e+9,
357.306,1.177e+9,1.177e+9,
357.311,8.909e+8,8.909e+8,
357.316,6.487e+8,6.487e+8,
357.321,4.542e+8,4.542e+8,
357.326,3.058e+8,3.058e+8,
357.331,1.980e+8,1.980e+8,
357.336,1.232e+8,1.232e+8,
357.341,7.377e+7,7.377e+7,
357.346,4.246e+7,4.246e+7,
357.351,2.350e+7,2.350e+7,
357.356,1.251e+7,1.251e+7,
357.361,6.402e+6,6.402e+6,
357.366,3.151e+6,3.151e+6,
357.371,1.491e+6,1.491e+6,
357.376,6.785e+5,6.785e+5,
357.381,2.969e+5,2.969e+5,
357.386,1.249e+5,1.249e+5,
357.391,5.054e+4,5.054e+4,
357.396,1.966e+4,1.966e+4,
357.401,7.356e+3,7.356e+3,
357.406,2.646e+3,2.646e+3,
357.411,9.154e+2,9.154e+2,
357.416,3.045e+2,3.045e+2,
357.421,9.739e+1,9.739e+1,
357.426,2.996e+1,2.996e+1,
357.431,8.859e+0,8.859e+0,
357.436,2.520e+0,2.520e+0,
357.441,6.890e-1,6.890e-1,
357.446,1.812e-1,1.812e-1,
357.451,4.581e-2,4.581e-2,
357.456,1.114e-2,1.114e-2,
357.461,2.604e-3,2.604e-3,
357.466,5.856e-4,5.856e-4,
357.471,1.266e-4,1.266e-4,
357.476,2.632e-5,2.632e-5,
357.481,5.261e-6,5.261e-6,
357.486,1.011e-6,1.011e-6,
363.738,9.381e-7,9.381e-7,
363.743,4.809e-6,4.809e-6,
363.748,2.374e-5,2.374e-5,
363.753,1.128e-4,1.128e-4,
363.758,5.166e-4,5.166e-4,
363.763,2.277e-3,2.277e-3,
363.768,9.665e-3,9.665e-3,
363.773,3.951e-2,3.951e-2,
363.778,1.555e-1,1.555e-1,
363.783,5.894e-1,5.894e-1,
363.788,2.151e+0,2.151e+0,
363.793,7.560e+0,7.560e+0,
363.798,2.559e+1,2.559e+1,
363.803,8.339e+1,8.339e+1,
363.808,2.617e+2,2.617e+2,
363.813,7.909e+2,7.909e+2,
363.818,2.302e+3,2.302e+3,
363.823,6.450e+3,6.450e+3,
363.828,1.741e+4,1.741e+4,
363.833,4.523e+4,4.523e+4,
363.838,1.132e+5,1.132e+5,
363.843,2.727e+5,2.727e+5,
363.848,6.329e+5,6.329e+5,
363.853,1.414e+6,1.414e+6,
363.858,3.043e+6,3.043e+6,
363.863,6.304e+6,6.304e+6,
363.868,1.258e+7,1.258e+7,
363.873,2.417e+7,2.417e+7,
363.878,4.471e+7,4.471e+7,
363.883,7.966e+7,7.966e+7,
363.888,1.367e+8,1.367e+8,
363.893,2.258e+8,2.258e+8,
363.898,3.592e+8,3.592e+8,
363.903,5.502e+8,5.502e+8,
363.908,8.117e+8,8.117e+8,
363.913,1.153e+9,1.153e+9,
363.918,1.577e+9,1.577e+9,
363.923,2.078e+9,2.078e+9,
363.928,2.635e+9,2.635e+9,
363.933,3.219e+9,3.219e+9,
363.938,3.786e+9,3.786e+9,
363.943,4.289e+9,4.289e+9,
363.948,4.678e+9,4.678e+9,
363.953,4.913e+9,4.913e+9,
363.958,4.969e+9,4.969e+9,
363.963,4.839e+9,4.839e+9,
363.968,4.539e+9,4.539e+9,
363.973,4.099e+9,4.099e+9,
363.978,3.565e+9,3.565e+9,
363.983,2.985e+9,2.985e+9,
363.988,2.407e+9,2.407e+9,
363.993,1.869e+9,1.869e+9,
363.998,1.398e+9,1.398e+9,
364.003,1.007e+9,1.007e+9,
364.008,6.980e+8,6.980e+8,
364.013,4.660e+8,4.660e+8,
364.018,2.997e+8,2.997e+8,
364.023,1.855e+8,1.855e+8,
364.028,1.106e+8,1.106e+8,
364.033,6.352e+7,6.352e+7,
364.038,3.512e+7,3.512e+7,
364.043,1.870e+7,1.870e+7,
364.048,9.585e+6,9.585e+6,
364.053,4.732e+6,4.732e+6,
364.058,2.250e+6,2.250e+6,
364.063,1.030e+6,1.030e+6,
364.068,4.540e+5,4.540e+5,
364.073,1.927e+5,1.927e+5,
364.078,7.878e+4,7.878e+4,
364.083,3.101e+4,3.101e+4,
364.088,1.176e+4,1.176e+4,
364.093,4.291e+3,4.291e+3,
364.098,1.508e+3,1.508e+3,
364.103,5.105e+2,5.105e+2,
364.108,1.664e+2,1.664e+2,
364.113,5.222e+1,5.222e+1,
364.118,1.578e+1,1.578e+1,
364.123,4.594e+0,4.594e+0,
364.128,1.287e+0,1.287e+0,
364.133,3.474e-1,3.474e-1,
364.138,9.029e-2,9.029e-2,
364.143,2.260e-2,2.260e-2,
364.148,5.445e-3,5.445e-3,
364.153,1.264e-3,1.264e-3,
364.158,2.824e-4,2.824e-4,
364.163,6.076e-5,6.076e-5,
364.168,1.259e-5,1.259e-5,
364.173,2.512e-6,2.512e-6,
364.178,4.827e-7,4.827e-7,
366.929,2.292e-7,2.292e-7,
366.934,1.151e-6,1.151e-6,
366.939,5.566e-6,5.566e-6,
366.944,2.595e-5,2.595e-5,
366.949,1.165e-4,1.165e-4,
366.954,5.044e-4,5.044e-4,
366.959,2.104e-3,2.104e-3,
366.964,8.454e-3,8.454e-3,
366.969,3.274e-2,3.274e-2,
366.974,1.222e-1,1.222e-1,
366.979,4.392e-1,4.392e-1,
366.984,1.522e+0,1.522e+0,
366.989,5.080e+0,5.080e+0,
366.994,1.634e+1,1.634e+1,
366.999,5.066e+1,5.066e+1,
367.004,1.513e+2,1.513e+2,
367.009,4.355e+2,4.355e+2,
367.014,1.208e+3,1.208e+3,
367.019,3.227e+3,3.227e+3,
367.024,8.311e+3,8.311e+3,
367.029,2.062e+4,2.062e+4,
367.034,4.930e+4,4.930e+4,
367.039,1.136e+5,1.136e+5,
367.044,2.522e+5,2.522e+5,
367.049,5.394e+5,5.394e+5,
367.054,1.112e+6,1.112e+6,
367.059,2.208e+6,2.208e+6,
367.064,4.226e+6,4.226e+6,
367.069,7.794e+6,7.794e+6,
367.074,1.385e+7,1.385e+7,
367.079,2.371e+7,2.371e+7,
367.084,3.913e+7,3.913e+7,
367.089,6.221e+7,6.221e+7,
367.094,9.530e+7,9.530e+7,
367.099,1.407e+8,1.407e+8,
367.104,2.001e+8,2.001e+8,
367.109,2.743e+8,2.743e+8,
367.114,3.623e+8,3.623e+8,
367.119,4.610e+8,4.610e+8,
367.124,5.654e+8,5.654e+8,
367.129,6.681e+8,6.681e+8,
367.134,7.607e+8,7.607e+8,
367.139,8.346e+8,8.346e+8,
367.144,8.824e+8,8.824e+8,
367.149,8.989e+8,8.989e+8,
367.154,8.824e+8,8.824e+8,
367.159,8.346e+8,8.346e+8,
367.164,7.607e+8,7.607e+8,
367.169,6.681e+8,6.681e+8,
367.174,5.654e+8,5.654e+8,
367.179,4.610e+8,4.610e+8,
367.184,3.623e+8,3.623e+8,
367.189,2.743e+8,2.743e+8,
367.194,2.001e+8,2.001e+8,
367.199,1.407e+8,1.407e+8,
367.204,9.530e+7,9.530e+7,
367.209,6.221e+7,6.221e+7,
367.214,3.913e+7,3.913e+7,
367.219,2.371e+7,2.371e+7,
367.224,1.385e+7,1.385e+7,
367.229,7.794e+6,7.794e+6,
367.234,4.226e+6,4.226e+6,
367.239,2.208e+6,2.208e+6,
367.244,1.112e+6,1.112e+6,
367.249,5.394e+5,5.394e+5,
367.254,2.522e+5,2.522e+5,
367.259,1.136e+5,1.136e+5,
367.264,4.930e+4,4.930e+4,
367.269,2.062e+4,2.062e+4,
367.274,8.311e+3,8.311e+3,
367.279,3.227e+3,3.227e+3,
367.284,1.208e+3,1.208e+3,
367.289,4.355e+2,4.355e+2,
367.294,1.513e+2,1.513e+2,
367.299,5.066e+1,5.066e+1,
367.304,1.634e+1,1.634e+1,
367.309,5.080e+0,5.080e+0,
367.314,1.522e+0,1.522e+0,
367.319,4.392e-1,4.392e-1,
367.324,1.222e-1,1.222e-1,
367.329,3.274e-2,3.274e-2,
367.334,8.454e-3,8.454e-3,
367.339,2.104e-3,2.104e-3,
367.344,5.044e-4,5.044e-4,
367.349,1.165e-4,1.165e-4,
367.354,2.595e-5,2.595e-5,
367.359,5.566e-6,5.566e-6,
367.364,1.151e-6,1.151e-6,
367.369,2.292e-7,2.292e-7,
368.124,1.210e-6,1.210e-6,
368.129,6.103e-6,6.103e-6,
368.134,2.966e-5,2.966e-5,
368.139,1.389e-4,1.389e-4,
368.144,6.271e-4,6.271e-4,
368.149,2.728e-3,2.728e-3,
368.154,1.144e-2,1.144e-2,
368.159,4.624e-2,4.624e-2,
368.164,1.801e-1,1.801e-1,
368.169,6.763e-1,6.763e-1,
368.174,2.447e+0,2.447e+0,
368.179,8.536e+0,8.536e+0,
368.184,2.870e+1,2.870e+1,
368.189,9.297e+1,9.297e+1,
368.194,2.903e+2,2.903e+2,
368.199,8.738e+2,8.738e+2,
368.204,2.535e+3,2.535e+3,
368.209,7.087e+3,7.087e+3,
368.214,1.910e+4,1.910e+4,
368.219,4.960e+4,4.960e+4,
368.224,1.242e+5,1.242e+5,
368.229,2.996e+5,2.996e+5,
368.234,6.967e+5,6.967e+5,
368.239,1.562e+6,1.562e+6,
368.244,3.373e+6,3.373e+6,
368.249,7.023e+6,7.023e+6,
368.254,1.409e+7,1.409e+7,
368.259,2.726e+7,2.726e+7,
368.264,5.081e+7,5.081e+7,
368.269,9.129e+7,9.129e+7,
368.274,1.581e+8,1.581e+8,
368.279,2.639e+8,2.639e+8,
368.284,4.244e+8,4.244e+8,
368.289,6.581e+8,6.581e+8,
368.294,9.834e+8,9.834e+8,
368.299,1.416e+9,1.416e+9,
368.304,1.966e+9,1.966e+9,
368.309,2.631e+9,2.631e+9,
368.314,3.392e+9,3.392e+9,
368.319,4.216e+9,4.216e+9,
368.324,5.050e+9,5.050e+9,
368.329,5.831e+9,5.831e+9,
368.334,6.489e+9,6.489e+9,
368.339,6.959e+9,6.959e+9,
368.344,7.194e+9,7.194e+9,
368.349,7.168e+9,7.168e+9,
368.354,6.883e+9,6.883e+9,
368.359,6.370e+9,6.370e+9,
368.364,5.683e+9,5.683e+9,
368.369,4.886e+9,4.886e+9,
368.374,4.049e+9,4.049e+9,
368.379,3.234e+9,3.234e+9,
368.384,2.489e+9,2.489e+9,
368.389,1.847e+9,1.847e+9,
368.394,1.321e+9,1.321e+9,
368.399,9.102e+8,9.102e+8,
368.404,6.046e+8,6.046e+8,
368.409,3.871e+8,3.871e+8,
368.414,2.389e+8,2.389e+8,
368.419,1.421e+8,1.421e+8,
368.424,8.144e+7,8.144e+7,
368.429,4.499e+7,4.499e+7,
368.434,2.396e+7,2.396e+7,
368.439,1.230e+7,1.230e+7,
368.444,6.083e+6,6.083e+6,
368.449,2.900e+6,2.900e+6,
368.454,1.333e+6,1.333e+6,
368.459,5.902e+5,5.902e+5,
368.464,2.520e+5,2.520e+5,
368.469,1.037e+5,1.037e+5,
368.474,4.111e+4,4.111e+4,
368.479,1.571e+4,1.571e+4,
368.484,5.787e+3,5.787e+3,
368.489,2.055e+3,2.055e+3,
368.494,7.031e+2,7.031e+2,
368.499,2.319e+2,2.319e+2,
368.504,7.371e+1,7.371e+1,
368.509,2.258e+1,2.258e+1,
368.514,6.669e+0,6.669e+0,
368.519,1.898e+0,1.898e+0,
368.524,5.206e-1,5.206e-1,
368.529,1.376e-1,1.376e-1,
368.534,3.507e-2,3.507e-2,
368.539,8.614e-3,8.614e-3,
368.544,2.039e-3,2.039e-3,
368.549,4.652e-4,4.652e-4,
368.554,1.023e-4,1.023e-4,
368.559,2.168e-5,2.168e-5,
368.564,4.429e-6,4.429e-6,
368.569,8.720e-7,8.720e-7,
373.771,1.311e-6,1.311e-6,
373.776,6.343e-6,6.343e-6,
373.781,2.961e-5,2.961e-5,
373.786,1.334e-4,1.334e-4,
373.791,5.795e-4,5.795e-4,
373.796,2.430e-3,2.430e-3,
373.801,9.832e-3,9.832e-3,
373.806,3.838e-2,3.838e-2,
373.811,1.446e-1,1.446e-1,
373.816,5.255e-1,5.255e-1,
373.821,1.843e+0,1.843e+0,
373.826,6.235e+0,6.235e+0,
373.831,2.036e+1,2.036e+1,
373.836,6.413e+1,6.413e+1,
373.841,1.949e+2,1.949e+2,
373.846,5.717e+2,5.717e+2,
373.851,1.618e+3,1.618e+3,
373.856,4.418e+3,4.418e+3,
373.861,1.164e+4,1.164e+4,
373.866,2.959e+4,2.959e+4,
373.871,7.258e+4,7.258e+4,
373.876,1.718e+5,1.718e+5,
373.881,3.923e+5,3.923e+5,
373.886,8.643e+5,8.643e+5,
373.891,1.838e+6,1.838e+6,
373.896,3.770e+6,3.770e+6,
373.901,7.461e+6,7.461e+6,
373.906,1.425e+7,1.425e+7,
373.911,2.626e+7,2.626e+7,
373.916,4.669e+7,4.669e+7,
373.921,8.011e+7,8.011e+7,
373.926,1.326e+8,1.326e+8,
373.931,2.118e+8,2.118e+8,
373.936,3.264e+8,3.264e+8,
373.941,4.854e+8,4.854e+8,
373.946,6.965e+8,6.965e+8,
373.951,9.643e+8,9.643e+8,
373.956,1.288e+9,1.288e+9,
373.961,1.660e+9,1.660e+9,
373.966,2.065e+9,2.065e+9,
373.971,2.478e+9,2.478e+9,
373.976,2.869e+9,2.869e+9,
373.981,3.205e+9,3.205e+9,
373.986,3.455e+9,3.455e+9,
373.991,3.593e+9,3.593e+9,
373.996,3.606e+9,3.606e+9,
374.001,3.492e+9,3.492e+9,
374.006,3.263e+9,3.263e+9,
374.011,2.941e+9,2.941e+9,
374.016,2.559e+9,2.559e+9,
374.021,2.148e+9,2.148e+9,
374.026,1.739e+9,1.739e+9,
374.031,1.359e+9,1.359e+9,
374.036,1.025e+9,1.025e+9,
374.041,7.454e+8,7.454e+8,
374.046,5.233e+8,5.233e+8,
374.051,3.544e+8,3.544e+8,
374.056,2.316e+8,2.316e+8,
374.061,1.460e+8,1.460e+8,
374.066,8.886e+7,8.886e+7,
374.071,5.216e+7,5.216e+7,
374.076,2.955e+7,2.955e+7,
374.081,1.615e+7,1.615e+7,
374.086,8.516e+6,8.516e+6,
374.091,4.334e+6,4.334e+6,
374.096,2.128e+6,2.128e+6,
374.101,1.008e+6,1.008e+6,
374.106,4.607e+5,4.607e+5,
374.111,2.032e+5,2.032e+5,
374.116,8.647e+4,8.647e+4,
374.121,3.551e+4,3.551e+4,
374.126,1.407e+4,1.407e+4,
374.131,5.378e+3,5.378e+3,
374.136,1.984e+3,1.984e+3,
374.141,7.060e+2,7.060e+2,
374.146,2.424e+2,2.424e+2,
374.151,8.033e+1,8.033e+1,
374.156,2.568e+1,2.568e+1,
374.161,7.923e+0,7.923e+0,
374.166,2.358e+0,2.358e+0,
374.171,6.773e-1,6.773e-1,
374.176,1.877e-1,1.877e-1,
374.181,5.018e-2,5.018e-2,
374.186,1.295e-2,1.295e-2,
374.191,3.223e-3,3.223e-3,
374.196,7.741e-4,7.741e-4,
374.201,1.794e-4,1.794e-4,
374.206,4.012e-5,4.012e-5,
374.211,8.657e-6,8.657e-6,
374.216,1.802e-6,1.802e-6,
401.72,3.556e-8,3.556e-8,
401.725,1.575e-7,1.575e-7,
401.73,6.767e-7,6.767e-7,
401.735,2.818e-6,2.818e-6,
401.74,1.138e-5,1.138e-5,
401.745,4.454e-5,4.454e-5,
401.75,1.690e-4,1.690e-4,
401.755,6.220e-4,6.220e-4,
401.76,2.219e-3,2.219e-3,
401.765,7.675e-3,7.675e-3,
401.77,2.574e-2,2.574e-2,
401.775,8.368e-2,8.368e-2,
401.78,2.638e-1,2.638e-1,
401.785,8.061e-1,8.061e-1,
401.79,2.388e+0,2.388e+0,
401.795,6.861e+0,6.861e+0,
401.8,1.911e+1,1.911e+1,
401.805,5.160e+1,5.160e+1,
401.81,1.351e+2,1.351e+2,
401.815,3.429e+2,3.429e+2,
401.82,8.437e+2,8.437e+2,
401.825,2.013e+3,2.013e+3,
401.83,4.657e+3,4.657e+3,
401.835,1.044e+4,1.044e+4,
401.84,2.271e+4,2.271e+4,
401.845,4.787e+4,4.787e+4,
401.85,9.784e+4,9.784e+4,
401.855,1.939e+5,1.939e+5,
401.86,3.725e+5,3.725e+5,
401.865,6.938e+5,6.938e+5,
401.87,1.253e+6,1.253e+6,
401.875,2.194e+6,2.194e+6,
401.88,3.724e+6,3.724e+6,
401.885,6.129e+6,6.129e+6,
401.89,9.779e+6,9.779e+6,
401.895,1.513e+7,1.513e+7,
401.9,2.269e+7,2.269e+7,
401.905,3.300e+7,3.300e+7,
401.91,4.652e+7,4.652e+7,
401.915,6.359e+7,6.359e+7,
401.92,8.427e+7,8.427e+7,
401.925,1.083e+8,1.083e+8,
401.93,1.349e+8,1.349e+8,
401.935,1.629e+8,1.629e+8,
401.94,1.908e+8,1.908e+8,
401.945,2.166e+8,2.166e+8,
401.95,2.384e+8,2.384e+8,
401.955,2.544e+8,2.544e+8,
401.96,2.632e+8,2.632e+8,
401.965,2.640e+8,2.640e+8,
401.97,2.567e+8,2.567e+8,
401.975,2.421e+8,2.421e+8,
401.98,2.213e+8,2.213e+8,
401.985,1.961e+8,1.961e+8,
401.99,1.686e+8,1.686e+8,
401.995,1.404e+8,1.404e+8,
402,1.134e+8,1.134e+8,
402.005,8.883e+7,8.883e+7,
402.01,6.744e+7,6.744e+7,
402.015,4.964e+7,4.964e+7,
402.02,3.543e+7,3.543e+7,
402.025,2.452e+7,2.452e+7,
402.03,1.645e+7,1.645e+7,
402.035,1.070e+7,1.070e+7,
402.04,6.746e+6,6.746e+6,
402.045,4.124e+6,4.124e+6,
402.05,2.445e+6,2.445e+6,
402.055,1.405e+6,1.405e+6,
402.06,7.828e+5,7.828e+5,
402.065,4.229e+5,4.229e+5,
402.07,2.215e+5,2.215e+5,
402.075,1.125e+5,1.125e+5,
402.08,5.536e+4,5.536e+4,
402.085,2.643e+4,2.643e+4,
402.09,1.223e+4,1.223e+4,
402.095,5.487e+3,5.487e+3,
402.1,2.387e+3,2.387e+3,
402.105,1.007e+3,1.007e+3,
402.11,4.115e+2,4.115e+2,
402.115,1.631e+2,1.631e+2,
402.12,6.270e+1,6.270e+1,
402.125,2.337e+1,2.337e+1,
402.13,8.442e+0,8.442e+0,
402.135,2.957e+0,2.957e+0,
402.14,1.004e+0,1.004e+0,
402.145,3.306e-1,3.306e-1,
402.15,1.055e-1,1.055e-1,
402.155,3.266e-2,3.266e-2,
402.16,9.800e-3,9.800e-3,
402.165,2.851e-3,2.851e-3,
402.17,8.041e-4,8.041e-4,
402.175,2.199e-4,2.199e-4,
402.18,5.830e-5,5.830e-5,
402.185,1.499e-5,1.499e-5,
402.19,3.735e-6,3.735e-6,
402.195,9.023e-7,9.023e-7,
402.2,2.114e-7,2.114e-7,
402.205,4.801e-8,4.801e-8,
405.536,1.657e-6,1.657e-6,
405.541,7.226e-6,7.226e-6,
405.546,3.057e-5,3.057e-5,
405.551,1.255e-4,1.255e-4,
405.556,4.995e-4,4.995e-4,
405.561,1.929e-3,1.929e-3,
405.566,7.229e-3,7.229e-3,
405.571,2.628e-2,2.628e-2,
405.576,9.266e-2,9.266e-2,
405.581,3.169e-1,3.169e-1,
405.586,1.052e+0,1.052e+0,
405.591,3.386e+0,3.386e+0,
405.596,1.057e+1,1.057e+1,
405.601,3.203e+1,3.203e+1,
405.606,9.412e+1,9.412e+1,
405.611,2.683e+2,2.683e+2,
405.616,7.421e+2,7.421e+2,
405.621,1.991e+3,1.991e+3,
405.626,5.182e+3,5.182e+3,
405.631,1.308e+4,1.308e+4,
405.636,3.204e+4,3.204e+4,
405.641,7.614e+4,7.614e+4,
405.646,1.755e+5,1.755e+5,
405.651,3.924e+5,3.924e+5,
405.656,8.512e+5,8.512e+5,
405.661,1.791e+6,1.791e+6,
405.666,3.656e+6,3.656e+6,
405.671,7.240e+6,7.240e+6,
405.676,1.391e+7,1.391e+7,
405.681,2.592e+7,2.592e+7,
405.686,4.686e+7,4.686e+7,
405.691,8.218e+7,8.218e+7,
405.696,1.398e+8,1.398e+8,
405.701,2.308e+8,2.308e+8,
405.706,3.695e+8,3.695e+8,
405.711,5.739e+8,5.739e+8,
405.716,8.646e+8,8.646e+8,
405.721,1.264e+9,1.264e+9,
405.726,1.792e+9,1.792e+9,
405.731,2.465e+9,2.465e+9,
405.736,3.289e+9,3.289e+9,
405.741,4.258e+9,4.258e+9,
405.746,5.347e+9,5.347e+9,
405.751,6.514e+9,6.514e+9,
405.756,7.698e+9,7.698e+9,
405.761,8.825e+9,8.825e+9,
405.766,9.814e+9,9.814e+9,
405.771,1.059e+10,1.059e+10,
405.776,1.108e+10,1.108e+10,
405.781,1.125e+10,1.125e+10,
405.786,1.108e+10,1.108e+10,
405.791,1.059e+10,1.059e+10,
405.796,9.814e+9,9.814e+9,
405.801,8.825e+9,8.825e+9,
405.806,7.698e+9,7.698e+9,
405.811,6.514e+9,6.514e+9,
405.816,5.347e+9,5.347e+9,
405.821,4.258e+9,4.258e+9,
405.826,3.289e+9,3.289e+9,
405.831,2.465e+9,2.465e+9,
405.836,1.792e+9,1.792e+9,
405.841,1.264e+9,1.264e+9,
405.846,8.646e+8,8.646e+8,
405.851,5.739e+8,5.739e+8,
405.856,3.695e+8,3.695e+8,
405.861,2.308e+8,2.308e+8,
405.866,1.398e+8,1.398e+8,
405.871,8.218e+7,8.218e+7,
405.876,4.686e+7,4.686e+7,
405.881,2.592e+7,2.592e+7,
405.886,1.391e+7,1.391e+7,
405.891,7.240e+6,7.240e+6,
405.896,3.656e+6,3.656e+6,
405.901,1.791e+6,1.791e+6,
405.906,8.512e+5,8.512e+5,
405.911,3.924e+5,3.924e+5,
405.916,1.755e+5,1.755e+5,
405.921,7.614e+4,7.614e+4,
405.926,3.204e+4,3.204e+4,
405.931,1.308e+4,1.308e+4,
405.936,5.182e+3,5.182e+3,
405.941,1.991e+3,1.991e+3,
405.946,7.421e+2,7.421e+2,
405.951,2.683e+2,2.683e+2,
405.956,9.412e+1,9.412e+1,
405.961,3.203e+1,3.203e+1,
405.966,1.057e+1,1.057e+1,
405.971,3.386e+0,3.386e+0,
405.976,1.052e+0,1.052e+0,
405.981,3.170e-1,3.170e-1,
405.987,7.227e-2,7.227e-2,
405.992,2.067e-2,2.067e-2,
405.997,6.783e-3,6.783e-3,
406.002,5.946e-3,5.946e-3,
406.007,1.629e-2,1.629e-2,
406.012,5.504e-2,5.504e-2,
406.017,1.841e-1,1.841e-1,
406.022,5.983e-1,5.983e-1,
406.027,1.887e+0,1.887e+0,
406.032,5.771e+0,5.771e+0,
406.037,1.713e+1,1.713e+1,
406.042,4.931e+1,4.931e+1,
406.047,1.377e+2,1.377e+2,
406.052,3.733e+2,3.733e+2,
406.057,9.814e+2,9.814e+2,
406.062,2.503e+3,2.503e+3,
406.067,6.194e+3,6.194e+3,
406.072,1.487e+4,1.487e+4,
406.077,3.463e+4,3.463e+4,
406.082,7.824e+4,7.824e+4,
406.087,1.715e+5,1.715e+5,
406.092,3.647e+5,3.647e+5,
406.097,7.524e+5,7.524e+5,
406.102,1.506e+6,1.506e+6,
406.107,2.924e+6,2.924e+6,
406.112,5.508e+6,5.508e+6,
406.117,1.007e+7,1.007e+7,
406.122,1.785e+7,1.785e+7,
406.127,3.070e+7,3.070e+7,
406.132,5.124e+7,5.124e+7,
406.137,8.295e+7,8.295e+7,
406.142,1.303e+8,1.303e+8,
406.147,1.985e+8,1.985e+8,
406.152,2.935e+8,2.935e+8,
406.157,4.209e+8,4.209e+8,
406.162,5.856e+8,5.856e+8,
406.167,7.905e+8,7.905e+8,
406.172,1.035e+9,1.035e+9,
406.177,1.315e+9,1.315e+9,
406.182,1.621e+9,1.621e+9,
406.187,1.938e+9,1.938e+9,
406.192,2.249e+9,2.249e+9,
406.197,2.531e+9,2.531e+9,
406.202,2.763e+9,2.763e+9,
406.207,2.927e+9,2.927e+9,
406.212,3.008e+9,3.008e+9,
406.217,2.999e+9,2.999e+9,
406.222,2.900e+9,2.900e+9,
406.227,2.722e+9,2.722e+9,
406.232,2.478e+9,2.478e+9,
406.237,2.188e+9,2.188e+9,
406.242,1.875e+9,1.875e+9,
406.247,1.558e+9,1.558e+9,
406.252,1.257e+9,1.257e+9,
406.257,9.832e+8,9.832e+8,
406.262,7.463e+8,7.463e+8,
406.267,5.495e+8,5.495e+8,
406.272,3.926e+8,3.926e+8,
406.277,2.721e+8,2.721e+8,
406.282,1.829e+8,1.829e+8,
406.287,1.193e+8,1.193e+8,
406.292,7.551e+7,7.551e+7,
406.297,4.636e+7,4.636e+7,
406.302,2.761e+7,2.761e+7,
406.307,1.596e+7,1.596e+7,
406.312,8.945e+6,8.945e+6,
406.317,4.865e+6,4.865e+6,
406.322,2.567e+6,2.567e+6,
406.327,1.314e+6,1.314e+6,
406.332,6.525e+5,6.525e+5,
406.337,3.144e+5,3.144e+5,
406.342,1.469e+5,1.469e+5,
406.347,6.663e+4,6.663e+4,
406.352,2.931e+4,2.931e+4,
406.357,1.251e+4,1.251e+4,
406.362,5.180e+3,5.180e+3,
406.367,2.081e+3,2.081e+3,
406.372,8.108e+2,8.108e+2,
406.377,3.066e+2,3.066e+2,
406.382,1.124e+2,1.124e+2,
406.387,4.001e+1,4.001e+1,
406.392,1.381e+1,1.381e+1,
406.397,4.626e+0,4.626e+0,
406.402,1.503e+0,1.503e+0,
406.407,4.738e-1,4.738e-1,
406.412,1.449e-1,1.449e-1,
406.417,4.299e-2,4.299e-2,
406.422,1.237e-2,1.237e-2,
406.427,3.455e-3,3.455e-3,
406.432,9.360e-4,9.360e-4,
406.437,2.460e-4,2.460e-4,
406.442,6.272e-5,6.272e-5,
406.447,1.552e-5,1.552e-5,
406.452,3.724e-6,3.724e-6,
406.457,8.669e-7,8.669e-7,
500.242,9.621e-8,9.621e-8,
500.247,3.154e-7,3.154e-7,
500.252,1.014e-6,1.014e-6,
500.257,3.194e-6,3.194e-6,
500.262,9.862e-6,9.862e-6,
500.267,2.985e-5,2.985e-5,
500.272,8.858e-5,8.858e-5,
500.277,2.577e-4,2.577e-4,
500.282,7.346e-4,7.346e-4,
500.287,2.053e-3,2.053e-3,
500.292,5.625e-3,5.625e-3,
500.297,1.511e-2,1.511e-2,
500.302,3.976e-2,3.976e-2,
500.307,1.026e-1,1.026e-1,
500.312,2.595e-1,2.595e-1,
500.317,6.435e-1,6.435e-1,
500.322,1.564e+0,1.564e+0,
500.327,3.726e+0,3.726e+0,
500.332,8.702e+0,8.702e+0,
500.337,1.992e+1,1.992e+1,
500.342,4.470e+1,4.470e+1,
500.347,9.832e+1,9.832e+1,
500.352,2.120e+2,2.120e+2,
500.357,4.481e+2,4.481e+2,
500.362,9.283e+2,9.283e+2,
500.367,1.885e+3,1.885e+3,
500.372,3.753e+3,3.753e+3,
500.377,7.324e+3,7.324e+3,
500.382,1.401e+4,1.401e+4,
500.387,2.627e+4,2.627e+4,
500.392,4.828e+4,4.828e+4,
500.397,8.699e+4,8.699e+4,
500.402,1.536e+5,1.536e+5,
500.407,2.660e+5,2.660e+5,
500.412,4.513e+5,4.513e+5,
500.417,7.508e+5,7.508e+5,
500.422,1.224e+6,1.224e+6,
500.427,1.957e+6,1.957e+6,
500.432,3.066e+6,3.066e+6,
500.437,4.709e+6,4.709e+6,
500.442,7.089e+6,7.089e+6,
500.447,1.046e+7,1.046e+7,
500.452,1.513e+7,1.513e+7,
500.457,2.146e+7,2.146e+7,
500.462,2.983e+7,2.983e+7,
500.467,4.064e+7,4.064e+7,
500.472,5.428e+7,5.428e+7,
500.477,7.106e+7,7.106e+7,
500.482,9.119e+7,9.119e+7,
500.487,1.147e+8,1.147e+8,
500.492,1.415e+8,1.415e+8,
500.497,1.710e+8,1.710e+8,
500.502,2.026e+8,2.026e+8,
500.507,2.353e+8,2.353e+8,
500.512,2.679e+8,2.679e+8,
500.517,2.990e+8,2.990e+8,
500.522,3.271e+8,3.271e+8,
500.527,3.507e+8,3.507e+8,
500.532,3.687e+8,3.687e+8,
500.537,3.799e+8,3.799e+8,
500.542,3.837e+8,3.837e+8,
500.547,3.799e+8,3.799e+8,
500.552,3.687e+8,3.687e+8,
500.557,3.507e+8,3.507e+8,
500.562,3.271e+8,3.271e+8,
500.567,2.990e+8,2.990e+8,
500.572,2.679e+8,2.679e+8,
500.577,2.353e+8,2.353e+8,
500.582,2.026e+8,2.026e+8,
500.587,1.710e+8,1.710e+8,
500.592,1.415e+8,1.415e+8,
500.597,1.147e+8,1.147e+8,
500.602,9.119e+7,9.119e+7,
500.607,7.106e+7,7.106e+7,
500.612,5.428e+7,5.428e+7,
500.617,4.064e+7,4.064e+7,
500.622,2.983e+7,2.983e+7,
500.627,2.146e+7,2.146e+7,
500.632,1.513e+7,1.513e+7,
500.637,1.046e+7,1.046e+7,
500.642,7.089e+6,7.089e+6,
500.647,4.709e+6,4.709e+6,
500.652,3.066e+6,3.066e+6,
500.657,1.957e+6,1.957e+6,
500.662,1.224e+6,1.224e+6,
500.667,7.508e+5,7.508e+5,
500.672,4.513e+5,4.513e+5,
500.677,2.660e+5,2.660e+5,
500.682,1.536e+5,1.536e+5,
500.687,8.699e+4,8.699e+4,
500.692,4.828e+4,4.828e+4,
500.697,2.627e+4,2.627e+4,
500.702,1.401e+4,1.401e+4,
500.707,7.324e+3,7.324e+3,
500.712,3.753e+3,3.753e+3,
500.717,1.885e+3,1.885e+3,
500.722,9.283e+2,9.283e+2,
500.727,4.481e+2,4.481e+2,
500.732,2.120e+2,2.120e+2,
500.737,9.832e+1,9.832e+1,
500.742,4.470e+1,4.470e+1,
500.747,1.992e+1,1.992e+1,
500.752,8.702e+0,8.702e+0,
500.757,3.726e+0,3.726e+0,
500.762,1.564e+0,1.564e+0,
500.767,6.435e-1,6.435e-1,
500.772,2.595e-1,2.595e-1,
500.777,1.026e-1,1.026e-1,
500.782,3.976e-2,3.976e-2,
500.787,1.511e-2,1.511e-2,
500.792,5.625e-3,5.625e-3,
500.797,2.053e-3,2.053e-3,
500.802,7.346e-4,7.346e-4,
500.807,2.577e-4,2.577e-4,
500.812,8.858e-5,8.858e-5,
500.817,2.985e-5,2.985e-5,
500.822,9.862e-6,9.862e-6,
500.827,3.194e-6,3.194e-6,
500.832,1.014e-6,1.014e-6,
500.837,3.154e-7,3.154e-7,
500.842,9.621e-8,9.621e-8,
519.833,6.025e-8,6.025e-8,
519.838,1.884e-7,1.884e-7,
519.843,5.786e-7,5.786e-7,
519.848,1.744e-6,1.744e-6,
519.853,5.160e-6,5.160e-6,
519.858,1.499e-5,1.499e-5,
519.863,4.274e-5,4.274e-5,
519.868,1.196e-4,1.196e-4,
519.873,3.288e-4,3.288e-4,
519.878,8.870e-4,8.870e-4,
519.883,2.349e-3,2.349e-3,
519.888,6.108e-3,6.108e-3,
519.893,1.559e-2,1.559e-2,
519.898,3.906e-2,3.906e-2,
519.903,9.606e-2,9.606e-2,
519.908,2.320e-1,2.320e-1,
519.913,5.498e-1,5.498e-1,
519.918,1.279e+0,1.279e+0,
519.923,2.923e+0,2.923e+0,
519.928,6.555e+0,6.555e+0,
519.933,1.443e+1,1.443e+1,
519.938,3.119e+1,3.119e+1,
519.943,6.616e+1,6.616e+1,
519.948,1.378e+2,1.378e+2,
519.953,2.818e+2,2.818e+2,
519.958,5.655e+2,5.655e+2,
519.963,1.114e+3,1.114e+3,
519.968,2.155e+3,2.155e+3,
519.973,4.093e+3,4.093e+3,
519.978,7.630e+3,7.630e+3,
519.983,1.396e+4,1.396e+4,
519.988,2.509e+4,2.509e+4,
519.993,4.424e+4,4.424e+4,
519.998,7.659e+4,7.659e+4,
520.003,1.302e+5,1.302e+5,
520.008,2.172e+5,2.172e+5,
520.013,3.558e+5,3.558e+5,
520.018,5.721e+5,5.721e+5,
520.023,9.030e+5,9.030e+5,
520.028,1.399e+6,1.399e+6,
520.033,2.129e+6,2.129e+6,
520.038,3.179e+6,3.179e+6,
520.043,4.660e+6,4.660e+6,
520.048,6.707e+6,6.707e+6,
520.053,9.476e+6,9.476e+6,
520.058,1.314e+7,1.314e+7,
520.063,1.789e+7,1.789e+7,
520.068,2.392e+7,2.392e+7,
520.073,3.138e+7,3.138e+7,
520.078,4.043e+7,4.043e+7,
520.083,5.112e+7,5.112e+7,
520.088,6.346e+7,6.346e+7,
520.093,7.734e+7,7.734e+7,
520.098,9.252e+7,9.252e+7,
520.103,1.087e+8,1.087e+8,
520.108,1.253e+8,1.253e+8,
520.113,1.418e+8,1.418e+8,
520.118,1.575e+8,1.575e+8,
520.123,1.718e+8,1.718e+8,
520.128,1.840e+8,1.840e+8,
520.133,1.934e+8,1.934e+8,
520.138,1.996e+8,1.996e+8,
520.143,2.022e+8,2.022e+8,
520.148,2.011e+8,2.011e+8,
520.153,1.963e+8,1.963e+8,
520.158,1.881e+8,1.881e+8,
520.163,1.770e+8,1.770e+8,
520.168,1.635e+8,1.635e+8,
520.173,1.482e+8,1.482e+8,
520.178,1.319e+8,1.319e+8,
520.183,1.153e+8,1.153e+8,
520.188,9.889e+7,9.889e+7,
520.193,8.327e+7,8.327e+7,
520.198,6.884e+7,6.884e+7,
520.203,5.586e+7,5.586e+7,
520.208,4.450e+7,4.450e+7,
520.213,3.481e+7,3.481e+7,
520.219,2.529e+7,2.529e+7,
520.224,1.899e+7,1.899e+7,
520.229,1.400e+7,1.400e+7,
520.234,1.013e+7,1.013e+7,
520.239,7.198e+6,7.198e+6,
520.244,5.020e+6,5.020e+6,
520.249,3.437e+6,3.437e+6,
520.254,2.310e+6,2.310e+6,
520.259,1.524e+6,1.524e+6,
520.264,9.871e+5,9.871e+5,
520.269,6.277e+5,6.277e+5,
520.274,3.918e+5,3.918e+5,
520.279,2.401e+5,2.401e+5,
520.284,1.444e+5,1.444e+5,
520.289,8.529e+4,8.529e+4,
520.294,4.945e+4,4.945e+4,
520.299,2.814e+4,2.814e+4,
520.304,1.572e+4,1.572e+4,
520.309,8.623e+3,8.623e+3,
520.314,4.643e+3,4.643e+3,
520.319,2.454e+3,2.454e+3,
520.324,1.273e+3,1.273e+3,
520.329,6.486e+2,6.486e+2,
520.334,3.244e+2,3.244e+2,
520.339,1.592e+2,1.592e+2,
520.344,7.673e+1,7.673e+1,
520.349,3.630e+1,3.630e+1,
520.354,1.686e+1,1.686e+1,
520.359,7.686e+0,7.686e+0,
520.364,3.440e+0,3.440e+0,
520.369,1.512e+0,1.512e+0,
520.374,6.520e-1,6.520e-1,
520.379,2.761e-1,2.761e-1,
520.384,1.148e-1,1.148e-1,
520.389,4.683e-2,4.683e-2,
520.394,1.876e-2,1.876e-2,
520.399,7.377e-3,7.377e-3,
520.404,2.848e-3,2.848e-3,
520.409,1.079e-3,1.079e-3,
520.414,4.016e-4,4.016e-4,
520.419,1.467e-4,1.467e-4,
520.424,5.259e-5,5.259e-5,
520.429,1.851e-5,1.851e-5,
520.434,6.396e-6,6.396e-6,
520.439,2.170e-6,2.170e-6,
520.444,7.225e-7,7.225e-7,
520.449,2.362e-7,2.362e-7,
520.454,7.579e-8,7.579e-8,