Wavelength (nm),Au I
212.10,2.563e-20
212.12,2.212e-18
212.13,1.935e-17
212.15,1.315e-15
212.17,7.620e-14
212.19,3.766e-12
212.20,2.494e-11
212.22,9.708e-10
212.24,3.222e-8
212.26,9.122e-7
212.27,4.572e-6
212.29,1.019e-4
212.31,1.938e-3
212.33,3.143e-2
212.34,1.192e-1
212.36,1.523e+0
212.38,1.658e+1
212.40,1.540e+2
212.41,4.423e+2
212.43,3.236e+3
212.45,2.019e+4
212.47,1.074e+5
212.48,2.334e+5
212.50,9.779e+5
212.52,3.495e+6
212.54,1.065e+7
212.55,1.752e+7
212.57,4.205e+7
212.59,8.607e+7
212.61,1.503e+8
212.62,1.870e+8
212.64,2.572e+8
212.66,3.015e+8
212.68,3.015e+8
212.70,2.572e+8
212.71,2.237e+8
212.73,1.503e+8
212.75,8.607e+7
212.77,4.205e+7
212.78,2.768e+7
212.80,1.065e+7
212.82,3.495e+6
212.84,9.779e+5
212.85,4.873e+5
212.87,1.074e+5
212.89,2.019e+4
212.91,3.236e+3
212.92,1.220e+3
212.94,1.540e+2
212.96,1.658e+1
212.98,1.523e+0
212.99,4.347e-1
213.01,3.143e-2
213.03,1.938e-3
213.05,1.019e-4
213.06,2.202e-5
213.08,9.122e-7
213.10,3.222e-8
213.12,9.708e-10
213.13,1.587e-10
213.15,3.766e-12
213.17,7.620e-14
213.19,1.315e-15
213.20,1.627e-16
213.22,2.212e-18
234.65,1.840e-18
234.67,9.113e-17
234.68,6.108e-16
234.70,2.489e-14
234.72,8.906e-13
234.74,2.798e-11
234.75,1.493e-10
234.77,3.860e-9
234.79,8.759e-8
234.81,1.745e-6
234.82,7.419e-6
234.84,1.216e-4
234.86,1.750e-3
234.88,2.212e-2
234.89,7.490e-2
234.91,7.787e-1
234.93,7.109e+0
234.95,5.698e+1
234.96,1.536e+2
234.98,1.013e+3
235.00,5.867e+3
235.02,2.982e+4
235.04,1.331e+5
235.05,2.679e+5
235.07,9.838e+5
235.09,3.172e+6
235.11,8.981e+6
235.12,1.439e+7
235.14,3.352e+7
235.16,6.856e+7
235.18,1.231e+8
235.19,1.571e+8
235.21,2.321e+8
235.23,3.011e+8
235.25,3.429e+8
235.26,3.485e+8
235.28,3.266e+8
235.30,2.687e+8
235.32,1.941e+8
235.33,1.571e+8
235.35,9.337e+7
235.37,4.872e+7
235.39,2.232e+7
235.40,1.439e+7
235.42,5.425e+6
235.44,1.795e+6
235.46,5.218e+5
235.47,2.679e+5
235.49,6.404e+4
235.51,1.344e+4
235.53,2.478e+3
235.54,1.013e+3
235.56,1.536e+2
235.58,2.046e+1
235.60,2.391e+0
235.62,2.455e-1
235.63,7.490e-2
235.65,6.325e-3
235.67,4.690e-4
235.69,3.053e-5
235.70,7.419e-6
235.72,3.974e-7
235.74,1.869e-8
235.76,7.717e-10
235.77,1.493e-10
235.79,5.073e-12
235.81,1.513e-13
235.83,3.963e-15
235.84,6.108e-16
235.86,1.316e-17
242.17,1.124e-15
242.19,4.661e-14
242.21,1.711e-12
242.22,9.904e-12
242.24,3.027e-10
242.26,8.189e-9
242.28,1.961e-7
242.29,9.164e-7
242.31,1.827e-5
242.33,3.223e-4
242.35,5.032e-3
242.36,1.899e-2
242.38,2.469e-1
242.40,2.840e+0
242.42,2.892e+1
242.43,8.816e+1
242.45,7.474e+2
242.47,5.607e+3
242.49,3.724e+4
242.51,2.188e+5
242.52,5.067e+5
242.54,2.479e+6
242.56,1.074e+7
242.58,4.115e+7
242.59,7.695e+7
242.61,2.456e+8
242.63,6.935e+8
242.65,1.733e+9
242.66,2.617e+9
242.68,5.447e+9
242.70,1.003e+10
242.72,1.635e+10
242.73,1.994e+10
242.75,2.706e+10
242.77,3.250e+10
242.79,3.455e+10
242.80,3.403e+10
242.82,3.011e+10
242.84,2.359e+10
242.86,1.635e+10
242.87,1.300e+10
242.89,7.506e+9
242.91,3.834e+9
242.93,1.733e+9
242.94,1.113e+9
242.96,4.190e+8
242.98,1.396e+8
243.00,4.115e+7
243.01,2.134e+7
243.03,5.239e+6
243.05,1.138e+6
243.07,2.188e+5
243.09,3.724e+4
243.10,1.467e+4
243.12,2.079e+3
243.14,2.606e+2
243.16,2.892e+1
243.17,9.203e+0
243.19,8.503e-1
243.21,6.953e-2
243.23,5.032e-3
243.24,1.293e-3
243.26,7.790e-5
243.28,4.154e-6
243.30,1.961e-7
243.31,4.069e-8
243.33,1.599e-9
243.35,5.560e-11
243.37,1.711e-12
243.38,2.868e-13
243.40,7.348e-15
243.42,1.666e-16
263.47,2.887e-18
263.49,9.156e-17
263.51,2.619e-15
263.53,6.758e-14
263.54,3.303e-13
263.56,7.300e-12
263.58,1.455e-10
263.60,2.617e-9
263.61,1.067e-8
263.63,1.644e-7
263.65,2.284e-6
263.67,2.862e-5
263.69,3.235e-4
263.70,1.046e-3
263.72,1.013e-2
263.74,8.844e-2
263.76,6.965e-1
263.77,1.881e+0
263.79,1.269e+1
263.81,7.720e+1
263.83,4.237e+2
263.84,9.549e+2
263.86,4.489e+3
263.88,1.904e+4
263.90,7.281e+4
263.91,1.370e+5
263.93,4.488e+5
263.95,1.326e+6
263.97,3.535e+6
263.98,5.551e+6
264.00,1.267e+7
264.02,2.610e+7
264.04,4.848e+7
264.05,6.356e+7
264.07,1.011e+8
264.09,1.451e+8
264.11,1.878e+8
264.12,2.056e+8
264.14,2.279e+8
264.16,2.279e+8
264.18,2.056e+8
264.19,1.878e+8
264.21,1.451e+8
264.23,1.011e+8
264.25,6.356e+7
264.27,3.603e+7
264.28,2.610e+7
264.30,1.267e+7
264.32,5.551e+6
264.34,2.193e+6
264.35,1.326e+6
264.37,4.488e+5
264.39,1.370e+5
264.41,3.771e+4
264.42,1.904e+4
264.44,4.489e+3
264.46,9.549e+2
264.48,1.832e+2
264.49,7.720e+1
264.51,1.269e+1
264.53,1.881e+0
264.55,2.514e-1
264.56,8.844e-2
264.58,1.013e-2
264.60,1.046e-3
264.62,9.747e-5
264.63,2.862e-5
264.65,2.284e-6
264.67,1.644e-7
264.69,1.067e-8
264.70,2.617e-9
264.72,1.455e-10
264.74,7.300e-12
264.76,3.303e-13
264.77,6.758e-14
264.79,2.619e-15
264.81,9.156e-17
266.92,7.266e-15
266.94,2.006e-13
266.95,1.015e-12
266.97,2.410e-11
266.99,5.175e-10
267.01,1.005e-8
267.02,4.265e-8
267.04,7.122e-7
267.06,1.076e-5
267.08,1.469e-4
267.09,5.228e-4
267.11,6.140e-3
267.13,6.522e-2
267.15,6.265e-1
267.17,5.442e+0
267.18,1.545e+1
267.20,1.154e+2
267.22,7.797e+2
267.24,4.764e+3
267.25,1.134e+4
267.27,5.958e+4
267.29,2.831e+5
267.31,1.217e+6
267.32,2.429e+6
267.34,8.975e+6
267.36,3.000e+7
267.38,9.066e+7
267.39,1.518e+8
267.41,3.945e+8
267.43,9.274e+8
267.45,1.971e+9
267.46,2.768e+9
267.48,5.060e+9
267.50,8.365e+9
267.52,1.251e+10
267.53,1.473e+10
267.55,1.894e+10
267.57,2.202e+10
267.59,2.315e+10
267.60,2.287e+10
267.62,2.068e+10
267.64,1.691e+10
267.66,1.251e+10
267.67,1.036e+10
267.69,6.588e+9
267.71,3.790e+9
267.73,1.971e+9
267.75,9.274e+8
267.76,6.125e+8
267.78,2.478e+8
267.80,9.066e+7
267.82,3.000e+7
267.83,1.662e+7
267.85,4.728e+6
267.87,1.217e+6
267.89,2.831e+5
267.90,1.315e+5
267.92,2.632e+4
267.94,4.764e+3
267.96,7.797e+2
267.97,3.038e+2
267.99,4.276e+1
268.01,5.442e+0
268.03,6.265e-1
268.04,2.047e-1
268.06,2.027e-2
268.08,1.814e-3
268.10,1.469e-4
268.11,4.025e-5
268.13,2.803e-6
268.15,1.765e-7
268.17,1.005e-8
268.18,2.309e-9
268.20,1.131e-10
268.22,5.009e-12
268.24,2.006e-13
268.25,3.866e-14
268.27,1.332e-15
274.13,5.685e-17
274.14,2.979e-16
274.16,7.615e-15
274.18,1.770e-13
274.20,3.738e-12
274.21,1.658e-11
274.23,3.036e-10
274.25,5.053e-9
274.27,7.647e-8
274.28,2.870e-7
274.30,3.765e-6
274.32,4.489e-5
274.34,4.866e-4
274.35,1.546e-3
274.37,1.452e-2
274.39,1.240e-1
274.41,9.631e-1
274.42,2.589e+0
274.44,1.743e+1
274.46,1.066e+2
274.48,5.929e+2
274.49,1.349e+3
274.51,6.504e+3
274.53,2.850e+4
274.55,1.136e+5
274.56,2.187e+5
274.58,7.552e+5
274.60,2.370e+6
274.62,6.765e+6
274.64,1.755e+7
274.65,2.727e+7
274.67,6.132e+7
274.69,1.254e+8
274.71,2.329e+8
274.72,3.064e+8
274.74,4.935e+8
274.76,7.225e+8
274.78,9.617e+8
274.79,1.071e+9
274.81,1.235e+9
274.83,1.295e+9
274.85,1.235e+9
274.86,1.164e+9
274.88,9.617e+8
274.90,7.225e+8
274.92,4.935e+8
274.93,3.935e+8
274.95,2.329e+8
274.97,1.254e+8
274.99,6.132e+7
275.00,4.139e+7
275.02,1.755e+7
275.04,6.765e+6
275.06,2.370e+6
275.07,1.354e+6
275.09,4.113e+5
275.11,1.136e+5
275.13,2.850e+4
275.15,6.504e+3
275.16,2.998e+3
275.18,5.929e+2
275.20,1.066e+2
275.22,1.743e+1
275.23,6.798e+0
275.25,9.631e-1
275.27,1.240e-1
275.29,1.452e-2
275.30,4.795e-3
275.32,4.866e-4
275.34,4.489e-5
275.36,3.765e-6
275.37,1.052e-6
275.39,7.647e-8
275.41,5.053e-9
275.43,3.036e-10
275.44,7.180e-11
275.46,3.738e-12
275.48,1.770e-13
275.50,7.615e-15
311.51,3.449e-15
311.53,5.703e-14
311.55,8.761e-13
311.56,3.340e-12
311.58,4.592e-11
311.60,5.865e-10
311.62,6.958e-9
311.63,2.331e-8
311.65,2.475e-7
311.67,2.441e-6
311.69,2.237e-5
311.70,6.585e-5
311.72,5.400e-4
311.74,4.113e-3
311.76,2.910e-2
311.77,7.529e-2
311.79,4.769e-1
311.81,2.805e+0
311.83,1.533e+1
311.85,7.778e+1
311.86,1.704e+2
311.88,7.743e+2
311.90,3.267e+3
311.92,1.281e+4
311.93,2.466e+4
311.95,8.651e+4
311.97,2.819e+5
311.99,8.533e+5
312.00,1.444e+6
312.02,3.912e+6
312.04,9.846e+6
312.06,2.301e+7
312.07,3.422e+7
312.09,7.161e+7
312.11,1.392e+8
312.13,2.512e+8
312.14,3.284e+8
312.16,5.306e+8
312.18,7.964e+8
312.20,1.110e+9
312.21,1.275e+9
312.23,1.591e+9
312.25,1.844e+9
312.27,1.986e+9
312.28,2.004e+9
312.30,1.932e+9
312.32,1.729e+9
312.34,1.438e+9
312.35,1.275e+9
312.37,9.490e+8
312.39,6.561e+8
312.41,4.213e+8
312.43,2.512e+8
312.44,1.887e+8
312.46,1.008e+8
312.48,4.997e+7
312.50,2.301e+7
312.51,1.519e+7
312.53,6.264e+6
312.55,2.399e+6
312.57,8.533e+5
312.58,4.950e+5
312.60,1.576e+5
312.62,4.661e+4
312.64,1.281e+4
312.65,6.528e+3
312.67,1.605e+3
312.69,3.666e+2
312.71,7.778e+1
312.72,3.485e+1
312.74,6.618e+0
312.76,1.167e+0
312.78,1.912e-1
312.79,7.529e-2
312.81,1.104e-2
312.83,1.504e-3
312.85,1.903e-4
312.86,6.585e-5
312.88,7.458e-6
312.90,7.846e-7
312.92,7.666e-8
312.93,2.331e-8
312.95,2.039e-9
312.97,1.656e-10
312.99,1.250e-11
313.01,8.761e-13
313.02,2.256e-13
313.04,1.415e-14
331.20,3.826e-17
331.21,1.448e-16
331.23,1.974e-15
331.25,2.521e-14
331.27,3.017e-13
331.28,1.018e-12
331.30,1.105e-11
331.32,1.123e-10
331.34,1.069e-9
331.36,9.530e-9
331.37,2.777e-8
331.39,2.245e-7
331.41,1.701e-6
331.43,1.207e-5
331.44,3.137e-5
331.46,2.018e-4
331.48,1.216e-3
331.50,6.866e-3
331.51,1.592e-2
331.53,8.148e-2
331.55,3.907e-1
331.57,1.755e+0
331.58,3.629e+0
331.60,1.478e+1
331.62,5.639e+1
331.64,2.015e+2
331.65,3.718e+2
331.67,1.205e+3
331.69,3.657e+3
331.71,1.040e+4
331.72,1.711e+4
331.74,4.411e+4
331.76,1.065e+5
331.78,2.410e+5
331.79,3.538e+5
331.81,7.257e+5
331.83,1.394e+6
331.85,2.510e+6
331.86,3.286e+6
331.88,5.363e+6
331.90,8.200e+6
331.92,1.174e+7
331.94,1.576e+7
331.95,1.781e+7
331.97,2.167e+7
331.99,2.469e+7
332.01,2.636e+7
332.02,2.657e+7
332.04,2.572e+7
332.06,2.332e+7
332.08,1.980e+7
332.09,1.781e+7
332.11,1.372e+7
332.13,9.894e+6
332.15,6.686e+6
332.16,5.363e+6
332.18,3.286e+6
332.20,1.886e+6
332.22,1.014e+6
332.23,7.257e+5
332.25,3.538e+5
332.27,1.616e+5
332.29,6.911e+4
332.30,4.411e+4
332.32,1.711e+4
332.34,6.217e+3
332.36,2.116e+3
332.37,1.205e+3
332.39,3.718e+2
332.41,1.075e+2
332.43,2.911e+1
332.44,1.478e+1
332.46,3.629e+0
332.48,8.348e-1
332.50,1.799e-1
332.52,3.631e-2
332.53,1.592e-2
332.55,2.913e-3
332.57,4.995e-4
332.59,8.021e-5
332.60,3.137e-5
332.62,4.568e-6
332.64,6.231e-7
332.66,7.962e-8
332.67,2.777e-8
332.69,3.217e-9
332.71,3.492e-10
332.73,3.550e-11
332.74,1.105e-11
332.76,1.018e-12
332.78,8.793e-14
332.80,7.113e-15
332.81,1.974e-15
332.83,1.448e-16
378.69,1.113e-15
378.71,1.054e-14
378.72,3.185e-14
378.74,2.799e-13
378.76,2.341e-12
378.78,1.862e-11
378.79,5.153e-11
378.81,3.802e-10
378.83,2.669e-9
378.85,1.782e-8
378.86,4.520e-8
378.88,2.800e-7
378.90,1.650e-6
378.92,9.252e-6
378.94,4.934e-5
378.95,1.118e-4
378.97,5.533e-4
378.99,2.604e-3
379.01,1.166e-2
379.02,2.421e-2
379.04,1.006e-1
379.06,3.974e-1
379.08,1.494e+0
379.09,2.842e+0
379.11,9.913e+0
379.13,3.289e+1
379.15,1.038e+2
379.16,1.809e+2
379.18,5.298e+2
379.20,1.476e+3
379.22,3.909e+3
379.23,6.245e+3
379.25,1.535e+4
379.27,3.590e+4
379.29,7.985e+4
379.30,1.169e+5
379.32,2.412e+5
379.34,4.735e+5
379.36,8.843e+5
379.37,1.186e+6
379.39,2.055e+6
379.41,3.387e+6
379.43,5.310e+6
379.44,6.525e+6
379.46,9.492e+6
379.48,1.313e+7
379.50,1.729e+7
379.52,2.165e+7
379.53,2.377e+7
379.55,2.762e+7
379.57,3.052e+7
379.59,3.209e+7
379.60,3.229e+7
379.62,3.149e+7
379.64,2.922e+7
379.66,2.579e+7
379.67,2.377e+7
379.69,1.947e+7
379.71,1.516e+7
379.73,1.124e+7
379.74,9.492e+6
379.76,6.525e+6
379.78,4.267e+6
379.80,2.655e+6
379.81,2.055e+6
379.83,1.186e+6
379.85,6.512e+5
379.87,3.401e+5
379.88,2.412e+5
379.90,1.169e+5
379.92,5.387e+4
379.94,2.362e+4
379.95,1.535e+4
379.97,6.245e+3
379.99,2.417e+3
380.01,8.897e+2
380.02,5.298e+2
380.04,1.809e+2
380.06,5.879e+1
380.08,1.817e+1
380.10,5.342e+0
380.11,2.842e+0
380.13,7.753e-1
380.15,2.012e-1
380.17,4.966e-2
380.18,2.421e-2
380.20,5.545e-3
380.22,1.208e-3
380.24,2.503e-4
380.25,1.118e-4
380.27,2.150e-5
380.29,3.932e-6
380.31,6.841e-7
380.32,2.800e-7
380.34,4.520e-8
380.36,6.940e-9
380.38,1.014e-9
380.39,3.802e-10
380.41,5.153e-11
380.43,6.642e-12
380.45,8.145e-13
380.46,2.799e-13
380.48,3.185e-14
405.55,2.123e-14
405.56,6.007e-14
405.58,4.656e-13
405.60,3.455e-12
405.62,2.454e-11
405.63,6.436e-11
405.65,4.283e-10
405.67,2.728e-9
405.69,1.664e-8
405.70,4.043e-8
405.72,2.310e-7
405.74,1.264e-6
405.76,6.617e-6
405.77,1.490e-5
405.79,7.307e-5
405.81,3.431e-4
405.83,1.543e-3
405.85,6.640e-3
405.86,1.355e-2
405.88,5.464e-2
405.90,2.109e-1
405.92,7.795e-1
405.93,1.474e+0
405.95,5.103e+0
405.97,1.691e+1
405.99,5.366e+1
406.00,9.402e+1
406.02,2.794e+2
406.04,7.951e+2
406.06,2.166e+3
406.07,3.517e+3
406.09,8.974e+3
406.11,2.192e+4
406.13,5.127e+4
406.14,7.714e+4
406.16,1.690e+5
406.18,3.544e+5
406.20,7.117e+5
406.21,9.921e+5
406.23,1.866e+6
406.25,3.360e+6
406.27,5.793e+6
406.28,7.483e+6
406.30,1.208e+7
406.32,1.868e+7
406.34,2.765e+7
406.35,3.310e+7
406.37,4.589e+7
406.39,6.092e+7
406.41,7.741e+7
406.43,9.418e+7
406.44,1.022e+8
406.46,1.165e+8
406.48,1.271e+8
406.50,1.327e+8
406.51,1.335e+8
406.53,1.306e+8
406.55,1.223e+8
406.57,1.097e+8
406.58,1.022e+8
406.60,8.585e+7
406.62,6.904e+7
406.64,5.316e+7
406.65,4.589e+7
406.67,3.310e+7
406.69,2.285e+7
406.71,1.511e+7
406.72,1.208e+7
406.74,7.483e+6
406.76,4.436e+6
406.78,2.518e+6
406.79,1.866e+6
406.81,9.921e+5
406.83,5.050e+5
406.85,2.461e+5
406.86,1.690e+5
406.88,7.714e+4
406.90,3.371e+4
406.92,1.410e+4
406.93,8.974e+3
406.95,3.517e+3
406.97,1.319e+3
406.99,4.739e+2
407.01,1.630e+2
407.02,9.402e+1
407.04,3.029e+1
407.06,9.340e+0
407.08,2.758e+0
407.09,1.474e+0
407.11,4.077e-1
407.13,1.079e-1
407.15,2.736e-2
407.16,1.355e-2
407.18,3.218e-3
407.20,7.315e-4
407.22,1.592e-4
407.23,7.307e-5
407.25,1.490e-5
407.27,2.907e-6
407.29,5.432e-7
407.30,2.310e-7
407.32,4.043e-8
407.34,6.775e-9
407.36,1.087e-9
407.37,4.283e-10
407.39,6.436e-11
407.41,9.259e-12
407.43,1.275e-12
407.44,4.656e-13
478.17,3.824e-13
478.19,2.111e-12
478.21,1.129e-11
478.23,5.853e-11
478.24,1.317e-10
478.26,6.515e-10
478.28,3.123e-9
478.30,1.451e-8
478.31,3.090e-8
478.33,1.370e-7
478.35,5.883e-7
478.37,2.449e-6
478.38,4.938e-6
478.40,1.961e-5
478.42,7.549e-5
478.44,2.816e-4
478.45,5.375e-4
478.47,1.913e-3
478.49,6.598e-3
478.51,2.206e-2
478.52,3.985e-2
478.54,1.271e-1
478.56,3.928e-1
478.58,1.177e+0
478.59,2.013e+0
478.61,5.752e+0
478.63,1.593e+1
478.65,4.276e+1
478.67,1.112e+2
478.68,1.773e+2
478.70,4.401e+2
478.72,1.058e+3
478.74,2.467e+3
478.75,3.723e+3
478.77,8.280e+3
478.79,1.785e+4
478.81,3.728e+4
478.82,5.325e+4
478.84,1.061e+5
478.86,2.049e+5
478.88,3.836e+5
478.89,5.187e+5
478.91,9.263e+5
478.93,1.603e+6
478.95,2.689e+6
478.96,3.442e+6
478.98,5.508e+6
479.00,8.542e+6
479.02,1.284e+7
479.03,1.556e+7
479.05,2.231e+7
479.07,3.100e+7
479.09,4.176e+7
479.10,4.789e+7
479.12,6.154e+7
479.14,7.664e+7
479.16,9.250e+7
479.17,1.004e+8
479.19,1.157e+8
479.21,1.291e+8
479.23,1.396e+8
479.25,1.463e+8
479.26,1.480e+8
479.28,1.480e+8
479.30,1.435e+8
479.32,1.347e+8
479.33,1.291e+8
479.35,1.157e+8
479.37,1.004e+8
479.39,8.453e+7
479.40,7.664e+7
479.42,6.154e+7
479.44,4.789e+7
479.46,3.612e+7
479.47,3.100e+7
479.49,2.231e+7
479.51,1.556e+7
479.53,1.051e+7
479.54,8.542e+6
479.56,5.508e+6
479.58,3.442e+6
479.60,2.084e+6
479.61,1.603e+6
479.63,9.263e+5
479.65,5.187e+5
479.67,2.815e+5
479.68,2.049e+5
479.70,1.061e+5
479.72,5.325e+4
479.74,2.589e+4
479.75,1.785e+4
479.77,8.280e+3
479.79,3.723e+3
479.81,1.622e+3
479.83,6.852e+2
479.84,4.401e+2
479.86,1.773e+2
479.88,6.924e+1
479.90,2.620e+1
479.91,1.593e+1
479.93,5.752e+0
479.95,2.013e+0
479.97,6.826e-1
479.98,3.928e-1
480.00,1.271e-1
480.02,3.985e-2
480.04,1.211e-2
480.05,6.598e-3
480.07,1.913e-3
480.09,5.375e-4
480.11,1.464e-4
480.12,7.549e-5
480.14,1.961e-5
480.16,4.938e-6
480.18,1.206e-6
480.19,5.894e-7
480.21,1.418e-7
480.23,5.219e-8
480.25,9.714e-8
480.26,1.872e-7
480.28,7.467e-7
480.30,2.931e-6
480.32,1.116e-5
480.33,2.153e-5
480.35,7.827e-5
480.37,2.758e-4
480.39,9.421e-4
480.41,3.119e-3
480.42,5.610e-3
480.44,1.773e-2
480.46,5.432e-2
480.48,1.613e-1
480.49,2.747e-1
480.51,7.787e-1
480.53,2.140e+0
480.55,5.698e+0
480.56,9.192e+0
480.58,2.337e+1
480.60,5.758e+1
480.62,1.375e+2
480.63,2.101e+2
480.65,4.790e+2
480.67,1.059e+3
480.69,2.268e+3
480.70,3.281e+3
480.72,6.709e+3
480.74,1.330e+4
480.76,2.555e+4
480.77,3.501e+4
480.79,6.420e+4
480.81,1.141e+5
480.83,1.967e+5
480.84,2.552e+5
480.86,4.197e+5
480.88,6.692e+5
480.90,1.034e+6
480.91,1.271e+6
480.93,1.875e+6
480.95,2.681e+6
480.97,3.716e+6
480.99,4.993e+6
481.00,5.721e+6
481.02,7.337e+6
481.04,9.121e+6
481.06,1.099e+7
481.07,1.193e+7
481.09,1.372e+7
481.11,1.530e+7
481.13,1.653e+7
481.14,1.699e+7
481.16,1.753e+7
481.18,1.753e+7
481.20,1.699e+7
481.21,1.653e+7
481.23,1.530e+7
481.25,1.372e+7
481.27,1.193e+7
481.28,1.099e+7
481.30,9.121e+6
481.32,7.337e+6
481.34,5.721e+6
481.35,4.993e+6
481.37,3.716e+6
481.39,2.681e+6
481.41,1.875e+6
481.42,1.550e+6
481.44,1.034e+6
481.46,6.692e+5
481.48,4.197e+5
481.49,3.285e+5
481.51,1.967e+5
481.53,1.141e+5
481.55,6.420e+4
481.57,3.501e+4
481.58,2.555e+4
481.60,1.330e+4
481.62,6.709e+3
481.64,3.281e+3
481.65,2.268e+3
481.67,1.059e+3
481.69,4.790e+2
481.71,2.101e+2
481.72,1.375e+2
481.74,5.758e+1
481.76,2.337e+1
481.78,9.192e+0
481.79,5.698e+0
481.81,2.140e+0
481.83,7.787e-1
481.85,2.747e-1
481.86,1.613e-1
481.88,5.432e-2
481.90,1.773e-2
481.92,5.610e-3
481.93,3.119e-3
481.95,9.421e-4
481.97,2.758e-4
481.99,7.827e-5
482.00,4.121e-5
482.02,1.116e-5
482.04,2.931e-6
482.06,7.461e-7
482.08,1.841e-7
482.09,9.038e-8
482.11,2.128e-8
482.13,4.859e-9
482.15,1.075e-9
482.16,4.999e-10
482.18,1.056e-10
482.20,2.162e-11
482.22,4.290e-12
482.23,1.889e-12
482.25,3.578e-13
582.42,4.346e-13
582.44,1.735e-12
582.46,6.777e-12
582.47,1.329e-11
582.49,5.031e-11
582.51,1.865e-10
582.53,6.767e-10
582.54,1.279e-9
582.56,4.496e-9
582.58,1.548e-8
582.60,5.216e-8
582.61,9.500e-8
582.63,3.102e-7
582.65,9.916e-7
582.67,3.104e-6
582.68,5.448e-6
582.70,1.652e-5
582.72,4.904e-5
582.74,1.426e-4
582.75,2.411e-4
582.77,6.791e-4
582.79,1.872e-3
582.81,5.055e-3
582.82,8.239e-3
582.84,2.155e-2
582.86,5.518e-2
582.88,1.383e-1
582.89,2.173e-1
582.91,5.279e-1
582.93,1.255e+0
582.95,2.923e+0
582.97,6.664e+0
582.98,9.982e+0
583.00,2.205e+1
583.02,4.768e+1
583.04,1.009e+2
583.05,1.457e+2
583.07,2.989e+2
583.09,6.003e+2
583.11,1.180e+3
583.12,1.642e+3
583.14,3.128e+3
583.16,5.834e+3
583.18,1.065e+4
583.19,1.428e+4
583.21,2.527e+4
583.23,4.377e+4
583.25,7.424e+4
583.26,9.591e+4
583.28,1.576e+5
583.30,2.535e+5
583.32,3.993e+5
583.33,4.972e+5
583.35,7.586e+5
583.37,1.133e+6
583.39,1.658e+6
583.40,1.989e+6
583.42,2.819e+6
583.44,3.912e+6
583.46,5.314e+6
583.47,6.145e+6
583.49,8.088e+6
583.51,1.042e+7
583.53,1.315e+7
583.55,1.624e+7
583.56,1.791e+7
583.58,2.143e+7
583.60,2.511e+7
583.62,2.881e+7
583.63,3.062e+7
583.65,3.403e+7
583.67,3.703e+7
583.69,3.945e+7
583.70,4.040e+7
583.72,4.170e+7
583.74,4.214e+7
583.76,4.170e+7
583.77,4.115e+7
583.79,3.945e+7
583.81,3.703e+7
583.83,3.403e+7
583.84,3.236e+7
583.86,2.881e+7
583.88,2.511e+7
583.90,2.143e+7
583.91,1.964e+7
583.93,1.624e+7
583.95,1.315e+7
583.97,1.042e+7
583.98,9.205e+6
584.00,7.068e+6
584.02,5.314e+6
584.04,3.912e+6
584.05,3.330e+6
584.07,2.375e+6
584.09,1.658e+6
584.11,1.133e+6
584.13,7.586e+5
584.14,6.158e+5
584.16,3.993e+5
584.18,2.535e+5
584.20,1.576e+5
584.21,1.233e+5
584.23,7.424e+4
584.25,4.377e+4
584.27,2.527e+4
584.28,1.905e+4
584.30,1.065e+4
584.32,5.834e+3
584.34,3.128e+3
584.35,2.272e+3
584.37,1.180e+3
584.39,6.003e+2
584.41,2.989e+2
584.42,2.093e+2
584.44,1.009e+2
584.46,4.768e+1
584.48,2.205e+1
584.49,1.487e+1
584.51,6.664e+0
584.53,2.923e+0
584.55,1.255e+0
584.56,8.162e-1
584.58,3.396e-1
584.60,1.383e-1
584.62,5.518e-2
584.63,3.457e-2
584.65,1.336e-2
584.67,5.055e-3
584.69,1.872e-3
584.71,6.791e-4
584.72,4.057e-4
584.74,1.426e-4
584.76,4.904e-5
584.78,1.652e-5
584.79,9.511e-6
584.81,3.104e-6
584.83,9.916e-7
584.85,3.102e-7
584.86,1.721e-7
584.88,5.216e-8
584.90,1.548e-8
584.92,4.496e-9
584.93,2.404e-9
584.95,6.767e-10
584.97,1.865e-10
584.99,5.031e-11
585.00,2.593e-11
585.02,6.777e-12
585.04,1.735e-12
