Wavelength (nm),Au I
212.09,1.640e-20
212.11,1.532e-18
212.13,1.221e-16
212.14,1.027e-15
212.16,6.443e-14
212.18,3.448e-12
212.20,1.574e-10
212.21,1.001e-9
212.23,3.600e-8
212.25,1.103e-6
212.27,2.885e-5
212.28,1.390e-4
212.30,2.861e-3
212.32,5.024e-2
212.34,7.523e-1
212.35,2.742e+0
212.37,3.234e+1
212.39,3.253e+2
212.41,2.791e+3
212.42,7.699e+3
212.44,5.202e+4
212.46,2.997e+5
212.48,1.472e+6
212.49,3.075e+6
212.51,1.190e+7
212.53,3.927e+7
212.55,1.105e+8
212.56,1.747e+8
212.58,3.872e+8
212.60,7.320e+8
212.62,1.180e+9
212.63,1.412e+9
212.65,1.792e+9
212.67,1.941e+9
212.69,1.792e+9
212.71,1.412e+9
212.72,1.180e+9
212.74,7.320e+8
212.76,3.872e+8
212.78,1.747e+8
212.79,1.105e+8
212.81,3.927e+7
212.83,1.190e+7
212.85,3.075e+6
212.86,1.472e+6
212.88,2.997e+5
212.90,5.202e+4
212.92,7.699e+3
212.93,2.791e+3
212.95,3.253e+2
212.97,3.234e+1
212.99,2.742e+0
213.00,7.523e-1
213.02,5.024e-2
213.04,2.861e-3
213.06,1.390e-4
213.07,2.885e-5
213.09,1.103e-6
213.11,3.600e-8
213.13,1.001e-9
213.14,1.574e-10
213.16,3.448e-12
213.18,6.443e-14
213.20,1.027e-15
213.21,1.221e-16
234.64,1.886e-18
234.66,9.971e-17
234.68,4.627e-15
234.69,3.002e-14
234.71,1.146e-12
234.73,3.843e-11
234.75,1.131e-9
234.77,2.924e-8
234.78,1.416e-7
234.80,3.010e-6
234.82,5.620e-5
234.84,9.213e-4
234.85,3.553e-3
234.87,4.791e-2
234.89,5.674e-1
234.91,5.899e+0
234.92,1.812e+1
234.94,1.550e+2
234.96,1.164e+3
234.98,7.676e+3
234.99,1.877e+4
235.01,1.018e+5
235.03,4.852e+5
235.05,2.029e+6
235.06,3.953e+6
235.08,1.360e+7
235.10,4.110e+7
235.12,1.090e+8
235.13,1.691e+8
235.15,3.691e+8
235.17,7.074e+8
235.19,1.190e+9
235.20,1.470e+9
235.22,2.035e+9
235.24,2.474e+9
235.26,2.640e+9
235.27,2.598e+9
235.29,2.281e+9
235.31,1.758e+9
235.33,1.190e+9
235.35,7.074e+8
235.36,5.194e+8
235.38,2.539e+8
235.40,1.090e+8
235.42,4.110e+7
235.43,2.403e+7
235.45,7.453e+6
235.47,2.029e+6
235.49,4.852e+5
235.50,2.259e+5
235.52,4.444e+4
235.54,7.676e+3
235.56,1.164e+3
235.57,4.317e+2
235.59,5.385e+1
235.61,5.899e+0
235.63,5.674e-1
235.64,1.676e-1
235.66,1.326e-2
235.68,9.213e-4
235.70,5.620e-5
235.71,1.322e-5
235.73,6.635e-7
235.75,2.924e-8
235.77,1.131e-9
235.78,2.119e-10
235.80,6.746e-12
235.82,1.886e-13
235.84,4.627e-15
235.85,6.904e-16
242.17,5.635e-15
242.18,3.685e-14
242.20,1.438e-12
242.22,4.967e-11
242.24,1.518e-9
242.25,8.018e-9
242.27,2.040e-7
242.29,4.596e-6
242.31,9.161e-5
242.32,3.907e-4
242.34,6.484e-3
242.36,9.525e-2
242.38,1.238e+0
242.39,4.264e+0
242.41,4.615e+1
242.43,4.421e+2
242.45,3.748e+3
242.46,1.042e+4
242.48,7.358e+4
242.50,4.597e+5
242.52,2.541e+6
242.53,5.708e+6
242.55,2.627e+7
242.57,1.070e+8
242.59,3.859e+8
242.60,7.000e+8
242.62,2.101e+9
242.64,5.583e+9
242.66,1.313e+10
242.67,1.923e+10
242.69,3.764e+10
242.71,6.522e+10
242.73,1.000e+11
242.75,1.357e+11
242.76,1.510e+11
242.78,1.706e+11
242.80,1.706e+11
242.82,1.510e+11
242.83,1.357e+11
242.85,1.000e+11
242.87,6.522e+10
242.89,3.764e+10
242.90,2.732e+10
242.92,1.313e+10
242.94,5.583e+9
242.96,2.101e+9
242.97,1.231e+9
242.99,3.859e+8
243.01,1.070e+8
243.03,2.627e+7
243.04,1.243e+7
243.06,2.541e+6
243.08,4.597e+5
243.10,7.358e+4
243.11,2.812e+4
243.13,3.748e+3
243.15,4.421e+2
243.17,4.615e+1
243.18,1.425e+1
243.20,1.238e+0
243.22,9.525e-2
243.24,6.484e-3
243.25,1.616e-3
243.27,9.161e-5
243.29,4.596e-6
243.31,2.040e-7
243.33,8.018e-9
243.34,1.518e-9
243.36,4.967e-11
243.38,1.438e-12
243.40,3.685e-14
243.41,5.635e-15
263.47,1.821e-17
263.49,5.777e-16
263.50,3.130e-15
263.52,8.503e-14
263.54,2.084e-12
263.56,4.606e-11
263.57,2.083e-10
263.59,3.944e-9
263.61,6.735e-8
263.63,1.037e-6
263.64,3.917e-6
263.66,5.168e-5
263.68,6.150e-4
263.70,6.601e-3
263.72,6.390e-2
263.73,1.913e-1
263.75,1.586e+0
263.77,1.186e+1
263.79,8.005e+1
263.80,2.000e+2
263.82,1.156e+3
263.84,6.025e+3
263.86,2.833e+4
263.87,5.909e+4
263.89,2.379e+5
263.91,8.643e+5
263.93,2.832e+6
263.94,4.931e+6
263.96,1.384e+7
263.98,3.503e+7
264.00,7.997e+7
264.01,1.162e+8
264.03,2.273e+8
264.05,4.010e+8
264.07,6.380e+8
264.08,7.742e+8
264.10,1.055e+9
264.12,1.297e+9
264.14,1.438e+9
264.15,1.457e+9
264.17,1.383e+9
264.19,1.185e+9
264.21,9.155e+8
264.22,7.742e+8
264.24,5.124e+8
264.26,3.059e+8
264.28,1.647e+8
264.30,7.997e+7
264.31,5.361e+7
264.33,2.230e+7
264.35,8.367e+6
264.37,2.832e+6
264.38,1.585e+6
264.40,4.594e+5
264.42,1.201e+5
264.44,2.833e+4
264.45,1.323e+4
264.47,2.673e+3
264.49,4.871e+2
264.51,8.005e+1
264.52,3.122e+1
264.54,4.395e+0
264.56,5.580e-1
264.58,6.390e-2
264.59,2.080e-2
264.61,2.041e-3
264.63,1.806e-4
264.65,1.441e-5
264.66,3.917e-6
264.68,2.678e-7
264.70,1.651e-8
264.72,9.182e-10
264.73,2.083e-10
264.75,9.924e-12
264.77,4.264e-13
264.79,1.653e-14
264.80,3.130e-15
266.91,5.747e-15
266.93,1.669e-13
266.95,4.381e-12
266.97,1.040e-10
266.98,4.881e-10
267.00,9.967e-9
267.02,1.841e-7
267.04,3.074e-6
267.05,1.210e-5
267.07,1.737e-4
267.09,2.256e-3
267.11,2.650e-2
267.13,2.815e-1
267.14,8.834e-1
267.16,8.070e+0
267.18,6.667e+1
267.20,4.981e+2
267.21,1.311e+3
267.23,8.423e+3
267.25,4.894e+4
267.27,2.571e+5
267.28,5.676e+5
267.30,2.565e+6
267.32,1.048e+7
267.34,3.874e+7
267.35,7.171e+7
267.37,2.279e+8
267.39,6.551e+8
267.41,1.703e+9
267.42,2.643e+9
267.44,5.909e+9
267.46,1.195e+10
267.48,2.184e+10
267.49,2.843e+10
267.51,4.470e+10
267.53,6.356e+10
267.55,8.172e+10
267.56,8.924e+10
267.58,9.868e+10
267.60,9.868e+10
267.62,8.924e+10
267.63,8.172e+10
267.65,6.356e+10
267.67,4.470e+10
267.69,2.843e+10
267.71,1.636e+10
267.72,1.195e+10
267.74,5.909e+9
267.76,2.643e+9
267.78,1.069e+9
267.79,6.551e+8
267.81,2.279e+8
267.83,7.171e+7
267.85,2.040e+7
267.86,1.048e+7
267.88,2.565e+6
267.90,5.676e+5
267.92,1.136e+5
267.93,4.894e+4
267.95,8.423e+3
267.97,1.311e+3
267.99,1.845e+2
268.00,6.667e+1
268.02,8.070e+0
268.04,8.834e-1
268.06,8.746e-2
268.07,2.650e-2
268.09,2.256e-3
268.11,1.737e-4
268.13,1.210e-5
268.14,3.074e-6
268.16,1.841e-7
268.18,9.967e-9
268.20,4.881e-10
268.21,1.040e-10
268.23,4.381e-12
268.25,1.669e-13
268.27,5.747e-15
274.14,1.774e-15
274.16,4.534e-14
274.17,2.212e-13
274.19,4.901e-12
274.21,9.873e-11
274.23,1.808e-9
274.24,7.464e-9
274.26,1.185e-7
274.28,1.709e-6
274.30,2.242e-5
274.31,7.834e-5
274.33,8.906e-4
274.35,9.204e-3
274.37,8.648e-2
274.38,2.558e-1
274.40,2.083e+0
274.42,1.542e+1
274.44,1.038e+2
274.45,2.597e+2
274.47,1.515e+3
274.49,8.034e+3
274.51,3.873e+4
274.53,1.697e+5
274.54,3.428e+5
274.56,1.302e+6
274.58,4.497e+6
274.60,1.412e+7
274.61,2.413e+7
274.63,6.566e+7
274.65,1.624e+8
274.67,3.652e+8
274.68,5.283e+8
274.70,1.030e+9
274.72,1.824e+9
274.74,2.938e+9
274.75,3.598e+9
274.77,5.023e+9
274.79,6.375e+9
274.81,7.355e+9
274.82,7.623e+9
274.84,7.623e+9
274.86,6.930e+9
274.88,5.727e+9
274.89,5.023e+9
274.91,3.598e+9
274.93,2.343e+9
274.95,1.387e+9
274.96,1.030e+9
274.98,5.283e+8
275.00,2.464e+8
275.02,1.045e+8
275.04,4.028e+7
275.05,2.413e+7
275.07,8.062e+6
275.09,2.449e+6
275.11,6.762e+5
275.12,3.428e+5
275.14,8.205e+4
275.16,1.785e+4
275.18,3.531e+3
275.19,1.515e+3
275.21,2.597e+2
275.23,4.048e+1
275.25,5.735e+0
275.26,2.083e+0
275.28,2.558e-1
275.30,2.855e-2
275.32,2.897e-3
275.33,8.906e-4
275.35,7.834e-5
275.37,6.264e-6
275.39,4.554e-7
275.40,1.185e-7
275.42,7.464e-9
275.44,4.275e-10
275.46,2.226e-11
275.47,4.901e-12
275.49,2.212e-13
275.51,9.076e-15
311.51,1.730e-14
311.53,2.860e-13
311.54,1.131e-12
311.56,1.675e-11
311.58,2.303e-10
311.60,2.941e-9
311.61,1.023e-8
311.63,1.169e-7
311.65,1.241e-6
311.67,1.224e-5
311.68,3.740e-5
311.70,3.302e-4
311.72,2.708e-3
311.74,2.063e-2
311.75,5.538e-2
311.77,3.776e-1
311.79,2.391e+0
311.81,1.407e+1
311.82,3.319e+1
311.84,1.748e+2
311.86,8.548e+2
311.88,3.883e+3
311.90,1.639e+4
311.91,3.274e+4
311.93,1.237e+5
311.95,4.339e+5
311.97,1.414e+6
311.98,2.483e+6
312.00,7.242e+6
312.02,1.962e+7
312.04,4.938e+7
312.05,7.619e+7
312.07,1.716e+8
312.09,3.592e+8
312.11,6.980e+8
312.12,9.465e+8
312.14,1.647e+9
312.16,2.661e+9
312.18,3.994e+9
312.19,4.759e+9
312.21,6.395e+9
312.23,7.980e+9
312.25,9.250e+9
312.26,9.687e+9
312.28,1.005e+10
312.30,9.687e+9
312.32,8.671e+9
312.33,7.980e+9
312.35,6.395e+9
312.37,4.759e+9
312.39,3.290e+9
312.40,2.661e+9
312.42,1.647e+9
312.44,9.465e+8
312.46,5.053e+8
312.48,2.506e+8
312.49,1.716e+8
312.51,7.619e+7
312.53,3.141e+7
312.55,1.203e+7
312.56,7.242e+6
312.58,2.483e+6
312.60,7.905e+5
312.62,2.338e+5
312.63,1.237e+5
312.65,3.274e+4
312.67,8.051e+3
312.69,1.839e+3
312.70,8.548e+2
312.72,1.748e+2
312.74,3.319e+1
312.76,5.854e+0
312.77,2.391e+0
312.79,3.776e-1
312.81,5.538e-2
312.83,7.544e-3
312.84,2.708e-3
312.86,3.302e-4
312.88,3.740e-5
312.90,3.935e-6
312.91,1.241e-6
312.93,1.169e-7
312.95,1.023e-8
312.97,8.307e-10
312.98,2.303e-10
313.00,1.675e-11
313.02,1.131e-12
313.04,7.099e-14
331.20,5.402e-16
331.21,2.044e-15
331.23,2.787e-14
331.25,3.560e-13
331.27,4.259e-12
331.28,1.438e-11
331.30,1.559e-10
331.32,1.585e-9
331.34,1.509e-8
331.35,4.542e-8
331.37,3.921e-7
331.39,3.170e-6
331.41,2.401e-5
331.42,6.448e-5
331.44,4.428e-4
331.46,2.849e-3
331.48,1.717e-2
331.49,4.113e-2
331.51,2.247e-1
331.53,1.150e+0
331.55,5.516e+0
331.56,1.179e+1
331.58,5.124e+1
331.60,2.087e+2
331.62,7.961e+2
331.63,1.517e+3
331.65,5.249e+3
331.67,1.701e+4
331.69,5.162e+4
331.70,8.777e+4
331.72,2.415e+5
331.74,6.227e+5
331.76,1.504e+6
331.78,3.403e+6
331.79,4.994e+6
331.81,1.024e+7
331.83,1.969e+7
331.85,3.544e+7
331.86,4.639e+7
331.88,7.572e+7
331.90,1.158e+8
331.92,1.658e+8
331.93,1.936e+8
331.95,2.514e+8
331.97,3.059e+8
331.99,3.485e+8
332.00,3.631e+8
332.02,3.751e+8
332.04,3.631e+8
332.06,3.292e+8
332.07,3.059e+8
332.09,2.514e+8
332.11,1.936e+8
332.13,1.397e+8
332.14,1.158e+8
332.16,7.572e+7
332.18,4.639e+7
332.20,2.663e+7
332.21,1.969e+7
332.23,1.024e+7
332.25,4.994e+6
332.27,2.281e+6
332.28,1.504e+6
332.30,6.227e+5
332.32,2.415e+5
332.34,8.777e+4
332.36,2.987e+4
332.37,1.701e+4
332.39,5.249e+3
332.41,1.517e+3
332.43,4.109e+2
332.44,2.087e+2
332.46,5.124e+1
332.48,1.179e+1
332.50,2.540e+0
332.51,1.150e+0
332.53,2.247e-1
332.55,4.113e-2
332.57,7.051e-3
332.58,2.849e-3
332.60,4.428e-4
332.62,6.448e-5
332.64,8.796e-6
332.65,3.170e-6
332.67,3.921e-7
332.69,4.542e-8
332.71,4.930e-9
332.72,1.585e-9
332.74,1.559e-10
332.76,1.438e-11
332.78,1.241e-12
332.79,3.560e-13
332.81,2.787e-14
378.69,1.574e-14
378.71,1.491e-13
378.72,4.504e-13
378.74,3.958e-12
378.76,3.310e-11
378.78,2.632e-10
378.79,7.286e-10
378.81,5.377e-9
378.83,3.774e-8
378.85,2.520e-7
378.87,1.601e-6
378.88,3.960e-6
378.90,2.334e-5
378.92,1.308e-4
378.94,6.977e-4
378.95,1.581e-3
378.97,7.824e-3
378.99,3.682e-2
379.01,1.649e-1
379.02,3.424e-1
379.04,1.422e+0
379.06,5.620e+0
379.08,2.112e+1
379.09,4.019e+1
379.11,1.402e+2
379.13,4.650e+2
379.15,1.468e+3
379.16,2.559e+3
379.18,7.491e+3
379.20,2.087e+4
379.22,5.528e+4
379.23,8.831e+4
379.25,2.171e+5
379.27,5.076e+5
379.29,1.129e+6
379.30,1.653e+6
379.32,3.411e+6
379.34,6.696e+6
379.36,1.250e+7
379.38,2.221e+7
379.39,2.906e+7
379.41,4.789e+7
379.43,7.509e+7
379.45,1.120e+8
379.46,1.342e+8
379.48,1.857e+8
379.50,2.445e+8
379.52,3.061e+8
379.53,3.362e+8
379.55,3.906e+8
379.57,4.316e+8
379.59,4.537e+8
379.60,4.566e+8
379.62,4.453e+8
379.64,4.131e+8
379.66,3.646e+8
379.67,3.362e+8
379.69,2.753e+8
379.71,2.144e+8
379.73,1.589e+8
379.74,1.342e+8
379.76,9.227e+7
379.78,6.034e+7
379.80,3.754e+7
379.81,2.906e+7
379.83,1.677e+7
379.85,9.208e+6
379.87,4.809e+6
379.88,3.411e+6
379.90,1.653e+6
379.92,7.618e+5
379.94,3.340e+5
379.96,1.393e+5
379.97,8.831e+4
379.99,3.418e+4
380.01,1.258e+4
380.03,4.406e+3
380.04,2.559e+3
380.06,8.313e+2
380.08,2.569e+2
380.10,7.553e+1
380.11,4.019e+1
380.13,1.096e+1
380.15,2.845e+0
380.17,7.022e-1
380.18,3.424e-1
380.20,7.840e-2
380.22,1.708e-2
380.24,3.539e-3
380.25,1.581e-3
380.27,3.040e-4
380.29,5.560e-5
380.31,9.673e-6
380.32,3.960e-6
380.34,6.392e-7
380.36,9.814e-8
380.38,1.433e-8
380.39,5.377e-9
380.41,7.286e-10
380.43,9.393e-11
380.45,1.152e-11
380.46,3.958e-12
380.48,4.504e-13
405.55,2.412e-13
405.57,1.911e-12
405.58,5.290e-12
405.60,3.926e-11
405.62,2.789e-10
405.64,1.897e-9
405.65,4.866e-9
405.67,3.100e-8
405.69,1.891e-7
405.71,1.104e-6
405.72,2.625e-6
405.74,1.436e-5
405.76,7.518e-5
405.78,3.769e-4
405.79,8.302e-4
405.81,3.899e-3
405.83,1.753e-2
405.85,7.544e-2
405.86,1.540e-1
405.88,6.208e-1
405.90,2.396e+0
405.92,8.856e+0
405.93,1.675e+1
405.95,5.798e+1
405.97,1.921e+2
405.99,6.096e+2
406.00,1.068e+3
406.02,3.175e+3
406.04,9.034e+3
406.06,2.461e+4
406.08,6.418e+4
406.09,1.020e+5
406.11,2.491e+5
406.13,5.825e+5
406.15,1.304e+6
406.16,1.920e+6
406.18,4.027e+6
406.20,8.086e+6
406.22,1.554e+7
406.23,2.120e+7
406.25,3.818e+7
406.27,6.582e+7
406.29,1.086e+8
406.30,1.373e+8
406.32,2.123e+8
406.34,3.142e+8
406.36,4.452e+8
406.37,5.214e+8
406.39,6.921e+8
406.41,8.795e+8
406.43,1.070e+9
406.44,1.161e+9
406.46,1.323e+9
406.48,1.444e+9
406.50,1.508e+9
406.51,1.516e+9
406.53,1.484e+9
406.55,1.390e+9
406.57,1.246e+9
406.58,1.161e+9
406.60,9.754e+8
406.62,7.845e+8
406.64,6.040e+8
406.66,4.452e+8
406.67,3.761e+8
406.69,2.597e+8
406.71,1.717e+8
406.73,1.086e+8
406.74,8.502e+7
406.76,5.040e+7
406.78,2.861e+7
406.80,1.554e+7
406.81,1.127e+7
406.83,5.738e+6
406.85,2.796e+6
406.87,1.304e+6
406.88,8.764e+5
406.90,3.830e+5
406.92,1.602e+5
406.94,6.418e+4
406.95,3.996e+4
406.97,1.499e+4
406.99,5.385e+3
407.01,1.852e+3
407.02,1.068e+3
407.04,3.441e+2
407.06,1.061e+2
407.08,3.133e+1
407.09,1.675e+1
407.11,4.632e+0
407.13,1.226e+0
407.15,3.109e-1
407.17,7.544e-2
407.18,3.656e-2
407.20,8.312e-3
407.22,1.809e-3
407.24,3.769e-4
407.25,1.692e-4
407.27,3.303e-5
407.29,6.172e-6
407.31,1.104e-6
407.32,4.594e-7
407.34,7.698e-8
407.36,1.235e-8
407.38,1.897e-9
407.39,7.312e-10
407.41,1.052e-10
407.43,1.449e-11
407.45,1.911e-12
478.18,1.028e-11
478.20,5.586e-11
478.21,1.287e-10
478.23,6.672e-10
478.25,3.352e-9
478.27,1.632e-8
478.28,3.559e-8
478.30,1.654e-7
478.32,7.445e-7
478.34,3.248e-6
478.35,6.706e-6
478.37,2.791e-5
478.39,1.126e-4
478.41,4.403e-4
478.42,8.605e-4
478.44,3.210e-3
478.46,1.160e-2
478.48,4.066e-2
478.49,7.521e-2
478.51,2.514e-1
478.53,8.145e-1
478.55,2.557e+0
478.56,4.478e+0
478.58,1.341e+1
478.60,3.894e+1
478.62,1.095e+2
478.64,2.987e+2
478.65,4.874e+2
478.67,1.268e+3
478.69,3.196e+3
478.71,7.810e+3
478.72,1.206e+4
478.74,2.812e+4
478.76,6.353e+4
478.78,1.391e+5
478.79,2.034e+5
478.81,4.249e+5
478.83,8.602e+5
478.85,1.688e+6
478.86,2.336e+6
478.88,4.373e+6
478.90,7.932e+6
478.92,1.395e+7
478.93,1.827e+7
478.95,3.065e+7
478.97,4.983e+7
478.99,7.849e+7
479.00,9.737e+7
479.02,1.463e+8
479.04,2.132e+8
479.06,3.009e+8
479.07,3.534e+8
479.09,4.760e+8
479.11,6.213e+8
479.13,7.859e+8
479.14,8.736e+8
479.16,1.054e+9
479.18,1.233e+9
479.20,1.398e+9
479.22,1.536e+9
479.23,1.591e+9
479.25,1.668e+9
479.27,1.694e+9
479.29,1.668e+9
479.30,1.635e+9
479.32,1.536e+9
479.34,1.398e+9
479.36,1.233e+9
479.37,1.145e+9
479.39,9.635e+8
479.41,7.859e+8
479.43,6.213e+8
479.44,5.459e+8
479.46,4.117e+8
479.48,3.009e+8
479.50,2.132e+8
479.51,1.773e+8
479.53,1.198e+8
479.55,7.849e+7
479.57,4.983e+7
479.58,3.923e+7
479.60,2.376e+7
479.62,1.395e+7
479.64,7.932e+6
479.65,5.912e+6
479.67,3.209e+6
479.69,1.688e+6
479.71,8.602e+5
479.72,6.069e+5
479.74,2.951e+5
479.76,1.391e+5
479.78,6.353e+4
479.80,2.812e+4
479.81,1.849e+4
479.83,7.810e+3
479.85,3.196e+3
479.87,1.268e+3
479.88,7.892e+2
479.90,2.987e+2
479.92,1.095e+2
479.94,3.894e+1
479.95,2.294e+1
479.97,7.780e+0
479.99,2.557e+0
480.01,8.145e-1
480.02,4.543e-1
480.04,1.380e-1
480.06,4.066e-2
480.08,1.160e-2
480.09,6.127e-3
480.11,1.668e-3
480.13,4.403e-4
480.15,1.126e-4
480.16,5.629e-5
480.18,1.374e-5
480.20,3.274e-6
480.22,8.604e-7
480.23,5.940e-7
480.25,1.104e-6
480.27,4.243e-6
480.29,1.687e-5
480.31,6.525e-5
480.32,1.268e-4
480.34,4.683e-4
480.36,1.676e-3
480.38,5.814e-3
480.39,1.070e-2
480.41,3.544e-2
480.43,1.138e-1
480.45,3.540e-1
480.46,6.171e-1
480.48,1.833e+0
480.50,5.276e+0
480.52,1.472e+1
480.53,2.431e+1
480.55,6.474e+1
480.57,1.672e+2
480.59,4.184e+2
480.60,6.542e+2
480.62,1.563e+3
480.64,3.618e+3
480.66,8.122e+3
480.67,1.203e+4
480.69,2.577e+4
480.71,5.352e+4
480.73,1.077e+5
480.74,1.511e+5
480.76,2.903e+5
480.78,5.407e+5
480.80,9.763e+5
480.81,1.297e+6
480.83,2.235e+6
480.85,3.733e+6
480.87,6.045e+6
480.89,9.489e+6
480.90,1.175e+7
480.92,1.761e+7
480.94,2.557e+7
480.96,3.600e+7
480.97,4.222e+7
480.99,5.673e+7
481.01,7.389e+7
481.03,9.331e+7
481.04,1.036e+8
481.06,1.249e+8
481.08,1.459e+8
481.10,1.652e+8
481.11,1.738e+8
481.13,1.878e+8
481.15,1.968e+8
481.17,1.999e+8
481.18,1.991e+8
481.20,1.930e+8
481.22,1.814e+8
481.24,1.652e+8
481.25,1.559e+8
481.27,1.355e+8
481.29,1.142e+8
481.31,9.331e+7
481.32,8.336e+7
481.34,6.500e+7
481.36,4.913e+7
481.38,3.600e+7
481.39,3.046e+7
481.41,2.130e+7
481.43,1.444e+7
481.45,9.489e+6
481.47,6.045e+6
481.48,4.769e+6
481.50,2.899e+6
481.52,1.709e+6
481.54,9.763e+5
481.55,7.294e+5
481.57,3.978e+5
481.59,2.103e+5
481.61,1.077e+5
481.62,7.623e+4
481.64,3.728e+4
481.66,1.767e+4
481.68,8.122e+3
481.69,5.442e+3
481.71,2.387e+3
481.73,1.015e+3
481.75,4.184e+2
481.76,2.655e+2
481.78,1.044e+2
481.80,3.983e+1
481.82,1.472e+1
481.83,8.847e+0
481.85,3.122e+0
481.87,1.068e+0
481.89,3.540e-1
481.90,2.014e-1
481.92,6.374e-2
481.94,1.955e-2
481.96,5.814e-3
481.97,3.134e-3
481.99,8.893e-4
482.01,2.447e-4
482.03,6.525e-5
482.05,1.687e-5
482.06,8.477e-6
482.08,2.092e-6
482.10,5.002e-7
482.12,1.160e-7
482.13,5.520e-8
482.15,1.222e-8
482.17,2.620e-9
482.19,5.449e-10
482.20,2.456e-10
482.22,4.874e-11
482.24,9.378e-12
482.26,1.749e-12
582.43,7.372e-12
582.45,2.911e-11
582.47,1.126e-10
582.48,2.196e-10
582.50,8.225e-10
582.52,3.016e-9
582.54,1.083e-8
582.55,2.036e-8
582.57,7.084e-8
582.59,2.413e-7
582.61,8.046e-7
582.62,1.458e-6
582.64,4.709e-6
582.66,1.490e-5
582.68,4.613e-5
582.69,8.055e-5
582.71,2.417e-4
582.73,7.100e-4
582.75,2.042e-3
582.76,3.436e-3
582.78,9.574e-3
582.80,2.612e-2
582.82,6.978e-2
582.83,1.131e-1
582.85,2.928e-1
582.87,7.419e-1
582.89,1.841e+0
582.90,2.876e+0
582.92,6.912e+0
582.94,1.627e+1
582.96,3.748e+1
582.98,8.454e+1
582.99,1.260e+2
583.01,2.753e+2
583.03,5.890e+2
583.05,1.234e+3
583.06,1.772e+3
583.08,3.597e+3
583.10,7.147e+3
583.12,1.391e+4
583.13,1.924e+4
583.15,3.627e+4
583.17,6.694e+4
583.19,1.210e+5
583.20,1.613e+5
583.22,2.824e+5
583.24,4.840e+5
583.26,8.123e+5
583.27,1.044e+6
583.29,1.697e+6
583.31,2.702e+6
583.33,4.210e+6
583.34,5.215e+6
583.36,7.874e+6
583.38,1.164e+7
583.40,1.685e+7
583.41,2.011e+7
583.43,2.820e+7
583.45,3.871e+7
583.47,5.204e+7
583.48,5.986e+7
583.50,7.795e+7
583.52,9.940e+7
583.54,1.241e+8
583.56,1.517e+8
583.57,1.664e+8
583.59,1.970e+8
583.61,2.284e+8
583.63,2.593e+8
583.64,2.741e+8
583.66,3.014e+8
583.68,3.245e+8
583.70,3.421e+8
583.71,3.485e+8
583.73,3.560e+8
583.75,3.560e+8
583.77,3.485e+8
583.78,3.421e+8
583.80,3.245e+8
583.82,3.014e+8
583.84,2.741e+8
583.85,2.593e+8
583.87,2.284e+8
583.89,1.970e+8
583.91,1.664e+8
583.92,1.517e+8
583.94,1.241e+8
583.96,9.940e+7
583.98,7.795e+7
583.99,6.849e+7
584.01,5.204e+7
584.03,3.871e+7
584.05,2.820e+7
584.06,2.388e+7
584.08,1.685e+7
584.10,1.164e+7
584.12,7.874e+6
584.14,5.215e+6
584.15,4.210e+6
584.17,2.702e+6
584.19,1.697e+6
584.21,1.044e+6
584.22,8.123e+5
584.24,4.840e+5
584.26,2.824e+5
584.28,1.613e+5
584.29,1.210e+5
584.31,6.694e+4
584.33,3.627e+4
584.35,1.924e+4
584.36,1.391e+4
584.38,7.147e+3
584.40,3.597e+3
584.42,1.772e+3
584.43,1.234e+3
584.45,5.890e+2
584.47,2.753e+2
584.49,1.260e+2
584.50,8.454e+1
584.52,3.748e+1
584.54,1.627e+1
584.56,6.912e+0
584.57,4.471e+0
584.59,1.841e+0
584.61,7.419e-1
584.63,2.928e-1
584.65,1.131e-1
584.66,6.978e-2
584.68,2.612e-2
584.70,9.574e-3
584.72,3.436e-3
584.73,2.042e-3
584.75,7.100e-4
584.77,2.417e-4
584.79,8.055e-5
584.80,4.613e-5
584.82,1.490e-5
584.84,4.709e-6
584.86,1.458e-6
584.87,8.046e-7
584.89,2.413e-7
584.91,7.084e-8
584.93,2.036e-8
584.94,1.083e-8
584.96,3.016e-9
584.98,8.225e-10
585.00,2.196e-10
585.01,1.126e-10
585.03,2.911e-11
585.05,7.372e-12
